0.631027
0.981995
3.38076
-1.38626
-0.900393
-0.762259
5.44012
-8.69496
-158.896
-1.5099
5.85021
-1.15417
1.51118
1.77554
0.753903
-0.886242
-0.925305
3.77821
-0.369508
4.02603
0.965857
0.885607
13.2555
-0.0526726
0.12138
1.4373
0.839174
0.852834
-0.136663
-0.935912
0.149116
0.847776
-1.96108
2.35153
-0.116495
8.73533
1.00194
4.53097
-6.16717
-0.60632
-2.87851
0.307321
12.2642
-0.0763945
-0.489021
-1.31912
0.723971
11.4293
6.71326
-9.52113
-3.80303
0.726261
-15.3814
4.44687
-0.167656
3.09654
-0.572371
-4.58162
-0.754496
0.247425
-0.312109
-1.40821
2.10168
-2.16956
0.614833
0.87403
-0.119058
10.1026
-0.711929
1.0695
4.16242
2.8481
-0.330345
16.2201
-1.80013
-21.0601
-14.2164
-2.4418
-0.0150287
2.83979
-4.90274
0.414717
6.46375
2.47734
1.63227
-0.372895
1.76286
-0.551093
0.768522
-43.7249
29.1272
0.426304
0.186995
0.507343
-2.62131
-0.233931
-0.02611
-2.66162
-1.12171
0.724927
