0.849485
0.71024
0.246679
0.283255
2.18884
1.45397
0.345036
0.467128
0.177913
3.30773
0.289459
0.0795463
1.85358
0.279199
0.269577
0.35292
0.235172
3.13393
0.175559
3.77554
0.664081
2.13064
1.16346
1.74872
0.654161
1.18271
0.856865
0.184224
0.0955345
0.290348
1.1192
0.259321
0.0346864
0.219248
0.58454
0.753769
1.27749
2.54878
0.756063
0.00865828
0.00502066
2.24301
1.36423
4.7844
0.839987
2.33523
3.42437
0.159342
1.44419
0.97456
1.3588
0.293836
0.964737
0.00616036
0.0357427
0.240331
0.181111
2.05666
0.113687
1.65605
0.129974
0.631507
0.928964
1.48665
1.46712
0.0303661
0.301458
0.89618
0.727149
0.113123
1.10139
0.0260308
0.830035
1.13625
0.237364
1.41509
0.0817417
0.529653
0.523102
2.32179
1.54306
0.829945
0.0109413
0.020462
0.844764
0.643265
0.908144
0.0138915
2.74733
1.34841
1.41558
1.67517
1.10966
0.639528
0.464448
1.36313
0.0276579
0.983197
1.792
0.0849941
