0.266313
0.227712
0.758313
0.407337
0.980338
0.137209
0.753615
0.283613
0.233769
0.190421
0.707907
0.580569
0.469516
0.939146
0.65522
0.964032
0.546032
0.962862
0.471206
0.409092
0.168219
0.831734
0.458303
0.0595593
0.358772
0.515726
0.13153
0.572457
0.321426
0.33692
0.993251
0.536196
0.204975
0.0620593
0.699746
0.83242
0.716119
0.679368
0.28297
0.44527
0.767856
0.475625
0.405775
0.557563
0.812076
0.622759
0.562528
0.629581
0.020243
0.213099
0.910198
0.319799
0.781035
0.882898
0.404577
0.833901
0.220968
0.387502
0.155461
0.803409
0.672309
0.0101385
0.592947
0.791558
0.667022
0.98988
8.20248e-05
0.66376
0.487385
0.452006
0.216878
0.474055
0.3209
0.0433384
0.515552
0.306841
0.322991
0.762753
0.600951
0.243395
0.465801
0.698182
0.874443
0.832219
0.931569
0.619941
0.140848
0.137052
0.387031
0.938972
0.119604
0.591026
0.0500501
0.439006
0.882634
0.94322
0.736154
0.673962
0.778107
0.957058
