0.00792811
0.0087855
0.00776319
0.00798122
0.00759504
0.00734281
0.00713579
0.00724844
0.0070701
0.00702595
0.00724317
0.00726739
0.00732173
0.00722053
0.00719967
0.0072902
0.00715676
0.00720893
0.00717988
0.00729291
0.00725653
0.0072221
0.00720493
0.0072061
0.00722017
0.00716216
0.00719693
0.00716085
0.00712302
0.00714371
0.00715157
0.00720104
0.00721826
0.00726729
0.00722189
0.00722478
0.00720312
0.00720004
0.0071746
0.00718874
0.0071431
0.00713001
0.00709101
0.00710766
0.0070989
0.00710556
0.00710645
0.00711755
0.00714986
0.00715973
0.00715776
0.00716193
0.00716084
0.00718651
0.00717301
0.0071948
0.00722507
0.00719123
0.00717395
0.00720545
0.00720261
0.00720941
0.00721713
0.00716831
0.00717549
0.00717613
0.00723038
0.00723604
0.00723201
0.00721729
0.0072006
0.0072076
0.00719959
0.00719302
0.00717235
0.0071657
0.00713355
0.00711609
0.00712953
0.0071386
0.00714063
0.00712964
0.00713223
0.00712605
0.00710188
0.00710657
0.00708769
0.00706125
0.0070262
0.00702121
0.00701196
0.0070065
0.00700372
0.0070043
0.00699607
0.00697323
0.00695901
0.00695031
0.00694716
0.00699443
