0.464547
0.464816
0.465729
0.482413
0.489022
0.496596
0.500474
0.500585
0.506947
0.506801
0.505846
0.504111
0.50415
0.504808
0.504576
0.506426
0.50985
0.509123
0.5091
0.507894
0.510161
0.510916
0.511318
0.510448
0.509714
0.510027
0.509229
0.507226
0.506306
0.507432
0.508997
0.50901
0.508939
0.509917
0.507137
0.507036
0.506806
0.506224
0.50588
0.504281
0.503987
0.50466
0.504791
0.505969
0.506293
0.505401
0.505077
0.505113
0.504878
0.505367
0.506013
0.506447
0.506161
0.507205
0.507367
0.506558
0.506902
0.506599
0.506178
0.504995
0.505348
0.505609
0.506085
0.505878
0.505636
0.505459
0.505083
0.505486
0.50563
0.505351
0.505902
0.506012
0.506643
0.506384
0.505897
0.50559
0.504856
0.504254
0.504197
0.504623
0.504689
0.505114
0.505059
0.504578
0.504812
0.505019
0.505239
0.505202
0.505323
0.504851
0.504688
0.504659
0.504655
0.504711
0.504958
0.504835
0.504405
0.504126
0.503798
0.503815
