88.36
84.64
79.21
88.36
73.96
68.89
81
70.56
86.49
88.36
82.81
84.64
82.81
90.25
79.21
90.25
84.64
92.16
82.81
77.44
72.25
86.49
75.69
81
92.16
72.25
75.69
77.44
73.96
81
79.21
79.21
82.81
72.25
79.21
84.64
81
82.81
72.25
75.69
73.96
82.81
79.21
86.49
79.21
68.89
81
82.81
81
82.81
73.96
70.56
81
79.21
84.64
94.09
79.21
79.21
88.36
81
84.64
79.21
92.16
81
86.49
84.64
82.81
75.69
84.64
84.64
82.81
77.44
86.49
81
75.69
82.81
86.49
79.21
88.36
86.49
88.36
81
79.21
79.21
90.25
84.64
75.69
88.36
82.81
84.64
81
81
81
79.21
88.36
79.21
70.56
96.04
79.21
79.21
