0
0.000269312
0.000925663
0.0166968
0.0145245
0.0140712
0.0125087
0.0108334
0.0114784
0.0102676
0.00933629
0.00869769
0.0080008
0.00743647
0.00692684
0.00673823
0.00719662
0.00682389
0.0064548
0.0062411
0.00635474
0.00610585
0.00584818
0.00566641
0.00548434
0.00527844
0.00514142
0.00534405
0.00523788
0.00518391
0.00525272
0.00508594
0.00492992
0.00488172
0.00549557
0.00534168
0.00520038
0.00509506
0.00497462
0.00510531
0.00498791
0.00491398
0.00480011
0.00483554
0.00473793
0.00471886
0.00462869
0.00453137
0.00444411
0.0043817
0.00434325
0.00428089
0.00420903
0.00426004
0.00418503
0.00418844
0.00412859
0.00406806
0.00402057
0.00412643
0.00407358
0.00401583
0.00398012
0.00392291
0.00386965
0.00381467
0.00377609
0.00374198
0.00369015
0.00364779
0.00363806
0.00358887
0.00359506
0.00355554
0.00354156
0.00350806
0.00353924
0.00354495
0.00350027
0.00348245
0.00343982
0.00342412
0.00338305
0.00337702
0.00334525
0.0033126
0.00328169
0.0032444
0.00321
0.00320906
0.00317779
0.00314319
0.00310921
0.00307646
0.00305396
0.0030245
0.00302394
0.00300582
0.00299342
0.00296339
