0.800093
1.69428
-0.324422
3.74576
0.146249
-0.95075
-38.4774
-0.20799
2.68686
-0.221264
0.469023
-0.409513
0.654602
9.43576
-0.591741
1.84233
0.434669
3.28403
-4.21145
0.27089
0.201257
-0.176012
0.582459
0.741934
-3.20242
-0.691481
4.72264
-1.07829
9.77711
-1.25832
-1.60848
0.644391
0.916827
0.754054
-4.13654
2.12065
-0.548795
1.15282
4.67699
0.76506
-0.692491
-0.623512
1.01547
0.354008
0.522623
-0.987141
5.4464
-9.27791
0.540088
-1.18971
3.74538
0.66408
0.436889
-0.652034
-0.954307
6.39985
1.21743
0.104246
-0.038943
0.319564
-0.0496603
-3.40439
0.372641
-2.73
-0.718737
-1.92486
-1.46498
3.81646
-0.33451
2.20502
-0.503644
-3.97969
0.131436
-0.609268
0.318275
0.267343
-0.286206
0.663694
0.185935
-1.13599
0.427621
-0.584741
1.39124
84.3304
-6.44348
1.73111
-0.601727
0.756913
0.783413
1.59029
1.31114
-0.128797
-5.86267
-0.44996
1.64841
-0.0578898
-0.806632
-3.48254
-5.13313
0.323952
5.87058
0.801391
-0.106599
-7.47432
2.02615
0.839175
-1.52448
0.199813
1.00233
-0.400125
2.33776
-0.112515
1.01253
0.717859
-1.05122
1.10419
-1.40122
-0.412999
0.248814
4.47007
0.88714
-8.81256
1.15603
24.0775
32.9233
-2.10284
-0.250702
3.79053
-1.4015
0.33727
0.704596
-0.108216
-0.752852
145.418
-0.202895
-0.239047
-0.351225
0.32856
-3.21137
0.131014
0.0445831
-1.30079
0.849079
0.492154
0.535267
0.33818
-2.24466
-2.22947
0.423349
19.8131
-0.913833
0.0876789
-25.6769
1.919
-0.266257
-3.09594
2.36424
0.15913
2.6505
0.267524
0.970508
0.595791
-1.60642
-2.09913
-0.29105
0.365062
0.944743
-1.5765
-0.385204
0.816251
-0.793885
0.217208
0.898507
-1.69074
0.134506
-0.381526
0.141133
0.274535
1.15239
0.732358
-5.03333
1.03957
0.0443826
-1.90775
-0.052535
-1.49592
1.75085
-1.12721
0.838614
0.43532
0.280346
-0.373226
1.69108
-4.8709
0.237066
-1.32257
0.285699
-0.0540982
0.68409
5.38749
-8.9597
-0.731352
0.510758
0.731602
-3.25631
0.114619
-1.75438
-0.584449
-0.690427
0.220459
3.13032
-0.0507705
18.3898
1.44981
-0.80668
-0.890262
-0.120185
-1.89033
0.283216
-1.15554
-18.6875
0.0870138
0.665999
0.725922
-14.2051
-0.120876
-0.444626
9.13408
-1.28671
-0.188709
-3.49966
-0.5424
-1.81981
1.29338
-0.451467
0.31181
1.01514
1.88547
-4.48174
-10.9869
0.326891
0.729923
1.17455
-0.959599
1.36456
1.44178
10.7004
-0.133683
0.0131722
-0.477427
-0.752296
-0.416096
0.132956
-25.5916
4.95488
-3.60578
-0.0231412
0.986451
-0.311698
-2.82365
0.248889
-1.83068
-8.80626
-3.91931
-0.0169654
0.169094
-49.2353
0.867446
-0.107594
0.734355
-87.51
-0.946674
2.49864
2.30472
-0.985156
-0.86146
0.355437
-3.99138
0.579627
-48.1889
-0.121279
0.780013
0.0253424
0.201218
-4.19081
-0.620589
-0.39638
-10.5754
-0.315903
0.039151
-0.402027
-1.02123
1.85354
-1.66467
2.8367
1.00048
0.959826
0.0100462
-0.194714
-1.064
-3.79956
-0.298798
-64.2295
3.40267
-0.340124
4.45039
3.35067
-0.415225
0.136162
-0.847023
-4.35979
0.898543
1.00026
0.582793
2.2352
0.260839
3.28679
-0.611339
6.73043
0.636834
1.0541
0.954921
1.6818
-0.567385
-17.6186
7.4784
-0.4033
-0.216609
-0.607787
0.707891
-0.0717982
-0.19913
-0.516562
-0.312585
1.67722
-0.539006
-1.81438
0.373389
-1.67058
-0.0852171
0.698725
0.438676
-8.09929
-3.99284
1.68799
3.42482
0.0534788
0.133451
-1.37771
41.9728
18.0214
0.323013
0.849614
0.78106
0.571977
15.6723
-4.07477
-3.35069
1.69512
-9.86529
1.79231
2.10487
-0.615888
3.05626
-4.87777
0.115984
1.12521
-0.852583
2.08362
-2.03239
-0.0298359
-0.23679
0.440623
1.09293
1.24902
-0.14202
2.94822
-0.0977509
1.54506
-0.170849
-1.51917
-1.31098
0.257804
0.0579026
-0.335372
-5.30765
-1.2637
0.392112
-2.23981
-0.073697
0.338687
-0.36988
-1.19878
2.21862
1.20816
-1.1017
0.218077
-2.01012
2.45313
-1.80392
0.867711
0.142387
0.0326674
-0.77578
0.0221841
-4.5245
0.926353
2.04861
1.21128
-0.696178
-0.714505
2.35804
-1.50438
2.62773
5.28496
-2.97506
-7.47371
-4.07327
1.26751
0.325283
0.814948
0.433248
0.403338
-2.41372
0.499434
-1.8566
-1.17592
-0.109084
0.188188
11.8556
0.267097
-3.59441
-0.30099
0.43274
-0.797873
7.20008
0.919313
0.604019
-8.47643
0.792059
-4.89924
-0.599914
4.72754
1.43043
-0.0334968
-0.292037
0.0964365
0.86163
1.29543
-1.64043
1.26027
-2.32454
-2.39826
-5.47971
-4.14052
-0.816511
-2.77812
-2.72614
-0.414933
-7.04097
-0.965827
2.54785
0.790183
-1.68435
0.889685
0.790293
0.0307283
-1.69139
-0.828393
7.5048
0.652639
-11.7556
-0.32102
1.96338
0.374304
0.311251
-7.80407
-0.308029
-1.52987
-1.01696
1.335
0.172755
-0.680349
-2.83226
2.22472
0.651577
-0.881537
0.632576
0.87425
-0.498098
1.53113
0.0236634
2.7742
-0.29358
3.15977
-0.0769005
-0.00551468
43.3635
1.13668
4.76493
-0.0108371
0.545917
-0.569822
0.937609
-5.99336
0.0273392
17.487
-6.4623
25.5539
1.46302
-3.40323
1.37967
1.96864
-4.14463
-0.729246
1.98926
-1.54653
-0.464518
0.405439
-5.50515
1.09492
-39.3279
-0.714242
1.01365
0.123657
-2.16288
-0.278918
-0.247555
-1.46893
0.47925
1.65422
-0.760362
0.302682
0.0974756
0.999795
-0.409038
0.442171
0.377157
-0.0777906
0.512855
-6.25507
-0.820031
0.654611
0.292505
-0.0928352
-0.675135
-1.33379
0.685889
0.611173
-0.168776
1.42614
8.98635
-0.529002
3.52526
1.78994
7.54396
-0.770634
2.44644
-0.527684
0.814116
0.553419
0.294558
3.56071
0.00293539
0.532062
0.268785
2.61008
5.18723
-4.92127
6.89675
0.596924
4.26668
0.891682
4.09761
-0.223636
0.714461
-0.219321
1.43666
-1.67756
-0.133539
31.3422
-0.17114
-8.23905
-0.286564
3.16445
1.02401
0.0706416
-2.24045
0.974933
0.598509
-1.01698
1.22332
1.20826
-90.772
-5.23304
0.231872
-0.919536
2.77957
0.427079
-5.08782
0.974448
-9.58066
2.99824
4.44782
-0.464478
-0.611496
0.0287567
2.68158
1.13584
0.0904056
1.00724
1.94163
0.37285
0.903266
0.0991082
-0.870051
-0.633788
-1.68811
-1.58457
-0.735979
2.05305
0.455305
-2.38032
0.702567
-7.87195
-0.154744
-0.165425
-1.23479
0.708812
8.74354
-1.32737
-0.261832
4.66052
1.12917
-2.5728
2.19502
14.858
4.1667
-0.310157
-0.230731
-1.0046
0.0389294
-2.1201
0.628519
0.934108
-0.54997
-4.29302
-0.143794
1.30359
1.24442
0.999998
-0.747999
-3.17007
0.314001
2.08421
0.474593
-2.40571
1.22738
1.16457
-1.92287
0.841063
0.755576
-1.35529
-0.342156
-0.625366
0.42498
-3.35912
1.83597
-6.66204
0.70977
-0.395078
4.13717
-0.838862
0.731888
4.84243
-26.4581
-1.16934
1.4458
1.12166
1.57443
-0.357008
-1.47231
-0.105083
-1.04605
18.5998
0.208892
26.2507
2.22727
-0.195644
0.660994
0.516015
1.46415
12.3071
4.11113
-0.933588
-22.0616
2.05292
-1.34776
1.44194
1.12606
-27.7345
-1.93493
2.2209
-2.02017
-0.741872
19.8854
-0.270985
-1.59408
0.467007
-2.51345
4.27066
2.20243
-0.502132
2.49998
1.33252
0.355735
3.29849
-11.8025
5.53485
-2.13673
0.295767
6.30431
-12.2667
-0.301167
3.36444
-0.257927
-0.279352
-2.49511
0.88248
-1.03107
-1.53818
-0.428246
0.643529
0.577029
0.883438
2.37034
0.409976
-0.231464
-0.506394
0.594044
-0.37431
0.743895
-3.20494
-1.85422
-5.14437
-2.58216
-1.92227
4.31878
-0.615269
-6.44969
0.434227
0.87702
2.05717
-0.267859
0.388217
-0.249357
-0.496599
0.499139
-4.77804
1.62935
0.392166
-2.27826
-5.68829
-0.532837
-0.116561
-2.42491
-0.107157
0.965515
1.0582
0.741001
-0.605472
4.26673
4.1207
-0.0333544
-1.02257
0.120773
1.06101
1.1042
-0.326075
-2.05522
-0.851723
-1.26323
-0.190385
2.4891
0.237404
0.441735
-0.361869
-0.204273
0.487658
5.59155
0.43714
-1.39415
-2.90493
1.25645
-0.249439
0.478374
-0.28292
2.59418
-0.943559
-2.53589
-1.93422
0.767523
0.32491
47.0972
-4.74467
-5.38014
-3.048
-4.51113
7.11563
-7.63272
-2.97317
0.299884
-1.1167
-0.452776
0.493936
1.31902
0.100409
-1.44867
-9.7168
-0.459986
-0.548363
-0.607698
1.47987
-1.08697
-0.60439
-8.00833
12.8483
2.9945
-2.16851
-5.41041
9.68866
5.42634
-0.225428
-0.371372
-0.0849068
-4.32097
-0.450731
1.94161
0.386431
0.994001
0.160087
-1.12101
0.242797
0.353421
-0.758494
-1.54031
-1.34046
-2.13578
-0.76963
1.21828
-0.0571336
-4.79636
0.0922663
2.18247
0.0727875
-4.19859
1.67684
-0.191926
2.99938
12.1646
0.0947917
-2.2747
34.1141
0.3748
-3.67173
0.935502
-1.43945
6.52344
0.287439
-0.20943
0.382973
16.0772
0.603522
-0.514908
0.661172
1.13235
0.759356
0.237964
6.19803
-7.51572
-0.0460725
3.41112
-0.158357
-0.509878
0.826365
0.373396
-0.0570107
-0.138095
0.436518
0.0100749
4.94949
0.515617
-0.579678
2.44836
-7.07833
2.5041
0.419276
-9.42372
-0.410975
-0.652931
-0.835844
2.45728
0.186241
1.36477
-1.17292
0.876975
-0.179405
1.1968
0.897302
2.53003
-1.4623
0.323786
-4.25947
-0.53816
26.524
-0.530614
-0.644764
-2.17048
-0.247849
-0.0925858
0.0133421
-0.272701
1.00487
-0.17401
0.142023
0.334772
1.67675
0.775455
-1.47199
-1.31202
6.30562
5.54972
-0.354574
-2.03502
-0.0940987
2.09251
-2.13845
0.265956
-0.479756
9.43548
1.84272
3.51168
0.76507
3.09408
0.179901
-1.12425
-4.65476
-0.924823
0.673417
0.240912
14.2297
0.118945
-0.133305
-1.65595
0.0939713
0.176019
0.560761
0.857597
0.308369
-1.30926
0.355591
-0.10304
0.424902
1.22942
-8.90266
0.346299
-18.909
-1.65616
-0.515956
-0.0557409
0.218562
-0.192552
-1.01989
1.38044
-2.13699
0.157376
-1.87974
4.39199
-1.50606
0.139681
1.443
-0.725009
-1.38679
0.537966
-0.197049
-1.63457
2.7144
6.71341
1.03646
0.516671
0.3781
0.0177555
5.92526
-3.68709
3.03202
3.64743
-0.811678
0.272425
0.86281
0.394428
-0.119623
1.3876
1.01534
2.00211
1.16403
0.595306
1.18183
0.74195
6.07015
0.0322434
-390.805
-0.370918
-0.0285636
-2.14317
0.880212
3.54395
-1.07898
-0.967074
-10.8081
0.306277
-0.398135
24.9676
0.138502
0.649895
-0.0247988
-0.388061
0.138101
-0.338465
-4.22474
95.8202
-0.468851
-1.42138
-1.84293
-3.21934
1.37932
1.55226
-4.65995
-2.24974
1.01069
0.358941
9.83779
21.5795
12.7287
0.523952
-1.19379
-1.78964
0.415953
-1.10607
0.385891
-1.75171
-1.456
1.16038
-0.619954
-4.83273
0.65486
0.666154
-1.27854
4.06063
0.623505
21.0175
-1.32706
-6.36643
-0.217925
-9.38416
-0.809155
-0.21414
-0.883254
5.7932
-2.31674
0.30966
0.418652
0.551452
-0.911501
-1.33549
-5.18866
-1.74079
0.16704
-6.65747
1.59109
-0.260079
0.448625
-0.0132182
-0.486294
0.329921
-1.41703
1.31331
-1.96242
-0.951872
0.569014
2.72512
-0.678697
1.00487
-0.305324
-21.9212
2.38998
-1.56296
0.57027
0.55844
0.360359
0.0567995
-1.36609
-0.330285
-0.409815
5.90546
4.20674
-0.114852
-0.341595
-0.394861
-3.12374
-29.7464
-0.999486
-0.289763
-1.4937
-6.22041
-1.08947
0.408078
1.85915
1.60214
4.0466
2.29008
-0.385953
0.517388
-0.207698
0.213675
-0.0192421
-4.57907
2.07101
-2.37936
0.445626
0.451778
-1.79433
1.34043
11.005
1.11437
1.18915
-0.612993
-5.61724
1.38058
-11.9996
-0.171347
-2.60234
-0.68539
0.348616
1.71226
1.13865
0.553431
0.125215
0.210492
0.34882
-8.53659
1.51854
0.589395
0.742687
0.175135
0.459517
-0.0466702
0.423943
-1.31606
1.00935
-3.31767
-0.959457
-0.439793
4.37173
7.53123
-2.34638
0.27827
-1.48876
34.4398
0.840482
30.9137
0.544132
0.497233
0.591629
-0.670455
1.08686
1.23223
-0.212124
-0.171432
-0.00230086
-1.21858
-0.270575
-0.463672
-0.622606
-0.200941
-4.49333
2.29798
-1.13913
45.2615
0.450394
-1.16037
-1.0454
-3.64552
-0.807009
-1.94048
-2.47692
0.603389
-1.03291
52.1719
0.887855
0.187238
2.06552
-1.12589
-0.246628
-1.16779
-0.405024
-2.00204
1.6922
2.78904
7.97168
0.0655109
0.647843
-0.169273
0.793947
2.82431
-0.37293
0.114633
1.28681
7.74587
3.3328
-1.88971
-0.218959
1.19638
0.297095
0.699047
1.39521
0.336398
-0.05253
-0.705911
201.985
1.33529
2.35742
0.520389
-2.54627
0.10784
0.599247
0.289099
1.00382
3.52406
2.26403
0.384907
-0.974188
-2.00261
-4.2444
-0.56078
-1.19004
-0.540951
-7.81346
2.74903
-0.963975
0.466934
4.50681
0.45386
0.0842432
-0.0255961
-7.05125
0.558072
0.330933
0.587899
-0.42251
0.99612
0.872406
0.72234
-0.323371
-589.536
0.861775
1.35075
1.33381
3.17005
-2.63554
-0.139057
-1.03335
1.68377
4.78486
-0.583862
-0.24493
-0.062554
0.138469
1.56217
10.0696
5.95707
0.418335
0.857745
1.65287
0.345622
0.369928
-1.71981
-0.352411
-1.35572
-0.970497
0.213151
0.46287
3.37646
-0.59653
-0.428809
1.40608
-7.89025
-1.09357
0.264392
-5.07111
-5.60902
-2.50794
0.923974
0.498062
0.408858
-2.05006
2.24299
2.57461
-0.403102
0.30333
3.33803
6.71938
0.624113
9.34961
1.24895
0.392417
0.100933
-1.06184
-7.46356
0.613717
-3.93001
3.16894
0.618438
-0.984123
1.27835
-0.0704892
-0.67829
-7.43864
-10.2389
-0.758463
0.276484
-0.0514631
-12.9654
1.71756
0.97414
0.895685
-0.30063
0.225688
1.55884
2.98226
43.3777
2.41226
-3.66381
-1.16784
0.168931
1.98711
-4.1218
0.243742
1.92056
0.262709
-2.45865
-7.60956
-0.174667
1.03889
-0.413655
0.875735
-1.05683
-1.36748
0.141631
0.871653
0.610103
-0.538633
1.41039
0.736028
0.338784
-0.28388
111.023
-0.203873
-1.06303
0.600532
-0.120677
-0.363244
-0.250532
0.270726
-0.158824
0.7953
0.163082
-0.214942
0.664094
-0.0401394
0.0203275
-0.839377
0.294427
0.992302
-0.212494
-0.70434
1.56864
-0.702784
-0.59544
1.16529
-2.00211
0.679703
-1.05715
-0.75923
-0.35372
3.07536
0.105308
-0.377427
0.319437
4.02261
-0.207528
-2.48983
0.534886
-1.37588
0.776766
0.178653
1.16557
-1.47784
-1.80469
7.52132
2.31951
-0.127666
-0.243245
-0.424638
-0.834006
-0.65102
0.0419196
-1.07311
0.587953
3.20234
-0.592757
7.61492
0.231682
6.09987
-1.3101
-1.94219
-1.18907
0.915944
162.204
-0.0275138
2.60038
-1.49039
-0.29031
-0.136787
0.597142
1.51375
1.30906
-7.26255
2.40291
-0.676921
-0.335172
1.07045
0.23259
-1.0691
1.31936
-0.584125
-1.26569
1.64849
0.320594
-3.83172
1.06913
2.2356
-0.434416
0.232997
1.49149
-3.76106
-0.33028
0.362771
-2.19168
-0.715876
0.0511628
-2.47449
0.383706
-0.67791
1.44162
5.54609
-0.144508
-0.497079
0.220399
-0.585656
-0.711234
0.21388
1.60782
0.754129
-1.87833
-5.58234
-0.770115
-1.94092
-1.12293
-0.421197
3.7271
0.0966857
0.837688
-0.130895
0.687064
-0.312241
-0.42105
6468.43
0.466932
0.342962
2.71034
-2.91843
-1.29715
-0.524762
1.1479
-0.525554
2.1334
0.501438
-0.527925
1.88251
-2.61758
-1.47576
-0.463338
-2.50688
0.259096
-3.23493
-0.644981
40.4045
-1.80293
0.147486
0.591614
0.547532
0.443009
0.0481286
0.112637
-1.92873
0.176747
-0.164158
-4.14832
-3.10227
3.59417
1.58522
1.26823
-4.43983
-0.151322
0.0529621
2.43064
2.47536
-10.8645
0.84681
-1.08574
1.08915
-12.0614
-1.81869
-0.213977
0.146628
-0.225708
-7.8843
-1.30943
2.3283
-1.51867
-1.13151
-2.60764
0.961254
-1.09182
7.54667
-6.88315
0.621368
1.14529
-0.0141167
0.581646
1.77753
-9.71694
-1.68054
-7.67654
0.23009
3.50228
-0.0961589
4.18621
-1.2902
2.59857
3.22544
-1.59289
1.93599
2.61119
0.633974
0.441916
-0.0971748
1.29101
-0.793999
0.912099
0.612402
0.106225
-0.841436
-1.06952
4.72055
0.632303
-0.984879
-0.287881
1.93378
2.21203
-7.44205
-0.896343
0.673774
1.44681
-1.13645
1.21143
-0.056632
8.0186
-0.715603
2.41008
-1.28006
-1.00843
-1.27713
-0.233941
-1.4898
2.32374
-7.76177
1.23723
-2.99006
1.38499
0.0235762
-4.05926
-0.0546208
-0.00262817
0.233526
0.649042
1.6774
-0.828673
-0.16085
0.00128172
-1.72932
2.43766
0.14684
0.38674
0.0361615
0.898519
0.430048
1.29609
-1.01824
-0.0581018
0.962393
0.690267
1.44283
0.369457
2.34211
5.42282
0.279286
0.0287057
-1.52908
0.774622
0.651458
-0.407647
-5.73208
-0.415207
4.49437
-2.65259
-0.511881
-8.48916
0.0410306
-0.416737
-1.89606
-1.0639
-1.42808
1.30534
-24.9369
-1.74524
-0.715484
-1.59976
-0.271543
4.94315
23.5667
-6.46363
-2.86661
25.5662
-2.50951
1.23022
-0.177167
-0.602664
-1.41014
0.10263
-0.578376
1.93684
1.43411
-0.827447
-1.68325
0.448326
-1.40154
0.522927
1.43507
2.35124
2.84892
0.918569
-2.15992
3.04607
0.721439
0.359035
3.87847
8.56532
-0.483403
-3.76486
-0.446
-0.841134
0.37309
-0.0147686
1.65371
-1.29437
-0.933548
1.43831
-1.80241
-1.23538
-0.230361
2.83542
-0.134053
-1.52766
0.52172
-1.40665
0.548846
1.51494
0.0454819
-30.0204
1.56053
1.91942
-1.52189
0.988453
0.522074
-0.618808
0.244256
-9.12351
-0.069554
-0.383652
1.63125
-1.73922
-0.881177
2.62174
17.5731
2.14715
0.28494
-0.277619
1.06611
-1.98409
-0.0724252
-2.93032
-2.25404
2.92527
0.255295
0.0191431
-2.35873
1.60021
-12.5546
-2.65415
-1.40794
10.685
0.880282
2.77921
0.177696
-0.590007
-0.103127
-2.59398
0.139989
1.47293
-1.15787
0.560821
0.579959
0.465497
-1.75767
-0.524853
-5.94895
0.86362
-8.9554
0.332949
0.549846
-2.43135
1.68115
0.413442
-5.30487
-0.0725362
3.47688
14.3047
2.57764
6.75972
-5.01019
-0.135067
-1.39984
-0.497956
-1.12856
-0.177068
3.19691
0.439024
0.336752
1.09136
0.361301
0.633676
9.37097
-0.946528
-45.9317
-0.242499
0.122681
14.2289
-3.46308
4.23159
-4.53341
0.434626
-1.02926
0.298764
0.363708
-0.878995
0.260059
0.340931
1.67044
-8.75477
-1.02715
0.286461
3.70529
-1.77394
-1.48133
-6.74973
-0.610454
1.27076
1.30519
-0.0796757
1.31015
0.722488
-0.668421
19.7571
-12.982
-10.0981
2.5721
2.76771
-0.0210519
0.807566
2.31402
0.49286
0.88549
0.66621
-0.232448
3.28107
-0.49349
0.200591
0.728563
1.51368
0.655033
0.343076
-6.32746
-8.26016
0.307757
1.64884
-1.7705
4.00183
-0.38972
-0.247322
0.105426
0.189819
0.459051
-0.616841
0.901201
2.71216
2.16576
-1.04449
-0.340328
-3.81378
2.17598
0.819608
4.42821
3.22696
0.593546
-0.53767
1.16131
-2.55745
-2.47801
0.567045
-0.613349
2.54062
-0.14202
0.438087
-0.496119
-8.3357
6.64461
-0.397082
0.190831
0.423063
-0.893287
0.109611
-0.261321
-0.23407
-0.0468357
9.36817
-0.779211
-1.05221
-25.8096
-0.398603
-0.911866
-0.0874133
-0.726053
0.512366
1.56603
-0.269506
-1.34902
-1.67796
-1.47902
-0.150795
-2.62453
-0.209318
1.53295
0.397741
-1.20454
5.26453
-4.83137
2.40373
-2.44938
-0.473722
3.53361
-0.882442
0.245603
0.0691749
-3.24951
-1.62665
-19.8223
1.24791
-0.775467
-3.98526
-0.4903
1.28762
1.11224
-1.27645
-0.63755
0.609002
-0.340124
1.78267
6.05398
4.90682
-1.04502
-16.403
-0.034604
4.8734
1.50142
1.65793
-0.0447983
-0.284035
-0.111925
0.0534261
-0.241099
-0.461191
-14.1293
13.8948
4.69344
0.311136
-3.27721
5.42366
0.114384
0.407306
-0.85487
0.909898
0.880205
-1.9601
-3.59755
2.72977
-0.717006
-2.38349
-2.34625
-0.34599
-5.56924
-0.492472
-2.04171
1.41721
-0.416371
-0.393332
-0.596273
-0.551085
-0.574031
-0.0689255
0.406906
1.04201
0.805046
0.736758
0.53898
-0.537988
-0.358843
-0.15273
0.0244544
-2.21804
23.6202
1.40043
-2.52243
0.386015
2.61
0.957403
-5.50882
1.36072
-0.117813
3.01721
-0.215787
2.91596
-12.559
-0.239706
-0.429438
3.20045
-2.47616
0.0850659
-2.51067
-1.04475
-0.262428
5.13259
0.830152
-0.495122
-1.20868
-0.969264
1.11368
1.03065
3.41601
-38.8055
1.47902
-0.230875
0.550308
2.24225
3.95717
0.288785
1.02126
0.192669
-0.696096
0.833078
1.17972
0.0126734
-12.3394
-2.4137
-3.29238
-0.58869
4.86053
-14.6889
0.986757
0.0489986
-0.580271
-1.35035
1.26104
-3.10345
-0.921379
-1.4382
1.44736
0.0199163
-1.14286
0.343913
4.25669
-1.21351
1.74873
0.0337443
0.439376
-0.906128
0.499143
-448.813
-3.60364
-1.1609
1.32836
-1.34252
2.22597
1.97046
-0.687646
0.408906
-1.13295
3.34925
-0.661905
-1.15984
0.298059
-1.87465
-0.279818
4.60442
0.14339
-1.15074
-1.4025
-0.163425
0.930339
1.28753
-2.70433
-0.374522
-53.0991
7.14121
2.72597
0.31981
2.99987
37.1162
0.224945
-0.538686
-0.345151
0.928452
1.03115
-0.497867
1.98036
0.715718
1.09846
1.86652
0.731212
0.673627
-25.6139
8.35293
-1.45829
0.533983
-0.703426
1.28423
-0.480763
-0.578282
4.11032
0.999426
2.26342
0.838753
-0.0875332
0.560097
0.25024
7.10546
-12.1284
0.71417
-1.16356
-1.92086
-0.104945
0.129576
-1.02344
-10.1902
-10.2296
-2.22321
-1.81717
1.54693
-0.351012
0.700839
-1.14678
0.0439413
1.26028
-0.640308
-0.477175
1.35382
3.38116
0.0428061
1.1796
-0.921812
-1.28139
-0.447565
-0.683191
1.73727
0.53702
4.89144
1.09172
1.91636
-0.0996124
0.430642
0.824893
-0.00165382
0.298821
2.4932
2.92474
-0.468512
1.50536
-1.56139
-0.737703
1.8942
-1.96727
-0.0962079
0.892692
0.792638
0.0249225
0.195236
-0.0779709
0.176914
1.57309
-3.56691
-0.269317
-2.48219
-177.823
-0.364838
0.204027
-0.345623
-1.97091
-0.385233
-0.794868
-1.06352
-1.75737
1.5186
-3.53497
2.78079
-0.215293
0.16627
-1.06239
0.0178727
1.15945
-2.82514
0.251998
1.69921
-0.222958
-1.93612
0.542535
2.10274
0.63622
3.68949
97.7348
-1.73443
-0.548774
0.905148
7.76135
-30.2906
-2.39442
4.30424
-2.88907
-0.214488
4.22023
-0.0548676
-0.110054
2.78449
0.0319285
1.48116
0.43522
0.75453
-1.18683
2.17976
-2.35315
1.32053
0.314955
-0.566812
1.57433
-0.0681959
0.190425
-2.8457
2.88608
-3.58019
0.335705
0.367639
-1.76687
0.457206
1.07231
-5.99204
76.3204
-3.69686
3.26311
-0.671916
-0.221262
7.13944
-0.553275
0.0705558
-0.722254
4.43236
-1.30368
0.367594
4.72432
-1.30043
-1.0241
-8.64853
21.0043
5.5853
3.69284
-0.253942
58.4937
-3.49831
-0.646911
-1.8235
-0.901376
38.595
-1.53884
-1.50012
4.44754
0.727672
3.9281
-0.845842
0.746753
4.623
0.551208
-0.721485
0.2037
-0.482889
0.0811271
32.3121
0.478963
-1.68483
-0.815288
0.74169
-0.866593
1.91038
3.11281
0.634214
1.29411
0.887021
0.457671
2.92807
1.90492
-1.45839
-0.0732703
-7.11537
0.436982
-3.46876
-0.333899
-7.32039
-3.27854
-1.19691
-9.00905
0.603784
-0.457107
-0.837061
-2.6788
-0.715135
-9.73861
-12.8733
-0.562492
1.91022
-0.190436
-0.0607115
-1.09768
2.38785
0.889869
0.0054686
0.140469
2.27518
-0.382676
-0.0864316
0.593539
0.370364
-0.113448
2.41653
-0.409303
-0.989533
0.132771
1.95717
-0.32818
-0.904904
0.521631
-7.75071
1.40695
-4.40311
0.747544
365.133
0.694477
0.30992
-0.75196
-2.04258
1.3054
0.641325
-3.50535
-1.17172
-0.477311
1.28718
-11.2737
0.663445
-2.83875
2.23183
-2.92875
-0.584841
-5.32125
0.338571
1.57807
1.49638
0.0253868
-1.01822
0.034209
-0.71947
-0.83835
0.721616
-0.494384
-0.895685
1.23761
0.0775449
-3.28629
-0.10631
0.896089
0.214502
0.441409
0.71501
-5.64114
1.0233
1.95999
1.20851
-1.49417
-0.626277
-5.81155
0.645158
-0.0418565
-0.0624992
1.17343
-0.181253
0.000170077
-0.200994
-0.90226
15.798
-2.27043
-4.00054
1.97827
-1.31826
-0.10979
-0.840358
-0.107353
-18.088
-6.84816
-2.88393
0.186961
-1.32788
0.22666
6.45984
0.0104357
0.509526
5.25415
3.50448
-0.441819
-2.54331
-2.76972
0.443304
-2.44269
0.419008
0.742863
-6.76187
-25.0351
2.11134
-0.87953
-3.48723
41.0724
-4.27335
3.61163
-0.466784
-2.85523
1.41448
1.2745
0.390907
1.0646
0.314172
-3.19733
1.75848
0.476292
2.48017
0.160881
-4.01657
-0.485961
-0.529932
4.27856
-0.330298
-0.916817
-0.103575
-2.60734
-14.6468
4.69866
0.128752
1.86605
-6.36994
2.53457
-0.650155
0.154537
-0.618984
-0.174091
0.390181
0.277867
0.523925
-4.35874
-2.40051
-1.64966
2.30613
0.719096
-2.32386
-4.20499
0.932712
-3.25357
0.263529
3.61323
-2.2977
3.19548
-3.71076
0.809765
0.126502
1.61225
-13.1016
0.743469
0.0841438
-1.10823
-0.679302
1.10107
-0.424193
2.41244
1.58567
-2.19267
0.245314
0.774359
1.19315
0.440573
-1.30779
-0.373324
2.53108
143.854
1.52742
1.78832
0.43503
-1.17306
-7.16493
-0.28435
-0.0822876
0.314915
-0.284736
2.11207
3.28119
-0.729945
-0.659632
1.08692
1.08265
4.1524
-0.799182
-1.27411
0.330556
0.26938
-1.54186
-1.00993
-5.71564
0.238467
-0.512838
1.9548
1.99111
49.368
-2.87324
0.878266
3.44226
-3.50884
-1.05541
-0.189711
0.0853575
0.482295
0.0161232
-1.46938
0.775687
4.0945
0.369518
-2.23283
0.196578
0.154226
1.42343
-3.47409
-0.768024
0.290453
0.519794
0.26933
0.896003
4.2439
-0.150741
0.579123
0.344288
0.56704
-2.79085
-1.30137
-0.0802024
1.40181
1.2384
0.293152
-1.24058
-0.42926
0.17887
-0.732686
0.396958
-0.758459
2.15273
-0.570735
0.771286
-1.40502
-3.2171
-0.0216079
0.649729
-0.546549
0.117044
-8.64815
1.31748
0.367146
-4.07762
-0.329304
-0.0575739
8.69267
-2.9928
-1.32669
-33.7784
-0.39589
0.735375
0.612168
0.0216087
-2.18563
4.2182
0.434704
0.171461
-1.73536
0.599821
1.13187
-0.0117491
-0.723835
-0.22183
-3.25151
0.907839
-1.48541
-1.55013
0.612413
-1.99098
-1.4249
0.705594
-3.12306
-10.6269
0.00937272
0.896023
0.172136
1.9146
-1.26988
1.30722
0.623813
0.405386
-1.51891
-0.919992
3.21411
0.408954
1.32994
1.04914
0.41415
0.33091
-2.19491
-2.11364
-16.1787
-0.393333
0.0465068
1.70168
4.98463
1.35303
0.0901079
-0.167363
10.6831
0.467509
-0.19657
-1.15386
-2.13386
-0.260272
-17.0582
3.63211
-14.5596
0.982068
-2.69489
-0.589227
-0.718342
-0.691748
0.968003
0.504153
0.0129093
0.310031
-3.02761
0.773077
174.829
0.700796
2.4179
0.160861
-0.0588258
-0.193607
-0.505581
1.83112
-0.972825
2.4994
36.0693
-13.4057
-0.921427
-0.32253
2.92453
1.6302
0.30505
-1.56088
6.45266
-1.53153
1.23904
0.597272
-0.395593
0.868784
0.747959
5.31169
-8.90099
-0.458791
-1.55678
-0.888615
0.884838
-0.0989001
5.18683
-2.24349
-1.89112
-1.57616
0.0649052
0.0702344
3.0982
-0.366502
3.55544
-0.0807077
0.637017
3.63357
0.0975061
-1.48752
-3.15083
1.32278
1.02616
0.184419
-4.47848
-0.835711
-0.0584648
-0.876768
-2.40975
2.42286
-0.953387
0.957387
2.07147
-137.864
1.94075
-1.09269
0.169606
-0.282451
-2.87713
-5.07536
1.49726
3.29802
-0.655435
-0.480881
-0.646884
0.603372
0.435681
-0.136009
-2.65499
-0.674637
1.45471
-0.271327
-14.405
1.40644
-2.16211
-3.15744
-1.27109
1.16608
1.15556
3.01345
1.03396
2.1535
1.01908
-0.234441
0.925605
-1.3687
0.674939
-1.31793
0.0366841
-0.241474
3.67389
3.60117
-0.769961
-0.406684
5.61002
-1.53776
-0.0769914
-0.246495
-1.39754
-0.930893
-1.31066
3.92854
0.355862
-0.0168504
-0.526925
0.0540551
6.23028
-22.2588
0.0632852
0.0372489
-0.31159
-3.43519
0.481908
3.78263
-0.282735
-1.74842
-1.03892
-3.52355
-1.48213
-4.44299
0.0368049
-3.26016
-0.272173
-0.219495
1.64206
-0.205441
0.659706
1.74302
3.20814
-0.805879
0.0817727
-0.365909
-1.96992
-0.720706
1.46983
-0.422243
-1.13126
-2.73834
0.397331
0.381165
1.66582
1.16539
24.8407
266.79
0.225006
222.043
-1.11319
-0.382842
0.646136
-0.988977
-2.40801
0.535457
-0.53332
-0.726634
1.0019
-0.980791
-0.82493
1.42633
0.100988
-0.920141
31.1175
-0.552926
0.127905
-1.13981
-1.4997
-1.33911
117.446
-0.910058
0.42481
0.597493
-0.189529
1.40012
-1.4078
-1.15702
-0.0154932
1.0915
6.01933
66.6991
0.593008
-0.445663
-1.32684
-1.28735
0.0517196
-1.49583
0.415041
-1.69248
-1.32645
-4.25365
0.436401
-9.57098
3.37916
0.054323
-0.126764
1.09455
3.19426
-1.2804
-0.725851
4.15907
-0.871924
0.257662
-2.83584
-0.0838139
-0.874783
0.452741
0.316241
0.370912
-0.122665
1.73784
1.40026
0.259215
0.531867
0.679659
-0.674031
-0.355783
0.106376
-0.222127
1.08886
-0.210449
1.84357
-0.429719
-3.11771
0.671569
0.349357
-1.91534
-2.27089
0.377482
0.240282
-0.928968
1.18838
0.55405
0.0479938
-7.05839
-1.27816
-1.98694
-0.5155
12.8362
0.963221
-1.30271
2.89235
-1.1335
0.147319
0.672597
6.21364
-0.09142
0.966471
0.393718
-0.418696
0.128305
6.07376
-1.92822
0.791655
0.760026
4.56835
1.58647
4.52056
-3.05717
5.41946
0.972932
-1.28407
0.309639
0.686343
2.49725
-2.5428
-16.3962
-0.610548
0.877935
-1.71043
-1.44246
-4.34139
-9.7734
3.1323
1.05354
0.0358408
0.408556
1.70443
-0.196253
1.34129
-2.73814
-3.36829
0.335826
-1.80263
1.67219
0.603874
0.312999
1.71573
0.626895
-6.57205
10.7072
-1.0487
2.18655
-0.3496
1.56908
-0.871467
0.663908
-1.65159
-24.9994
-3.71137
0.257584
-0.123721
6.0939
2.28207
1.55957
-12.0566
-1.77568
-0.931984
1.43662
-2.38927
1.61823
225.127
15.0465
-0.338482
2.27324
-1.25069
3.27803
1.09349
6.03232
-8.44047
0.622148
0.186993
1.44538
-0.407349
0.789992
0.732483
-0.476498
-1.62481
-1.23101
-2.65238
-0.360808
-0.786291
-1.29764
-1.01182
-7.8959
0.154278
0.944894
-0.769033
-1.13159
0.621251
-1.95115
0.210042
-4.25009
-1.18639
-1.0742
-0.31547
0.642852
1.45981
0.493948
-1.40612
-4.39106
-7.04971
0.456846
-0.877463
-0.777883
0.0798362
-0.34583
0.379902
-1.34769
0.540168
-18.6545
1.81317
-0.851065
-0.492428
8.43253
32.1423
-0.603347
-3.80706
3.10275
7.46796
1.71328
1.52007
-4.34127
-0.0440693
-0.397284
-1.66871
-0.584378
-0.501217
-2.68491
0.379431
-0.35536
3.43953
-0.928242
22.2994
-0.907253
-1.50126
-0.425531
1.62989
1.51518
-0.954033
13.2163
0.465062
-0.17813
-0.861015
0.526112
-0.807573
0.340473
1.51852
0.818805
0.206193
0.217813
41.0907
3.80719
0.118778
-2.29395
2.12177
-9.89669
-0.868304
-1.97363
-0.796574
-0.846689
-0.381108
-1.30405
0.833911
6.11926
0.509733
3.50747
0.751331
-0.411812
1.08088
-0.871261
9.45835
-0.642728
0.59744
-4.36241
-0.304581
0.562818
-1.90414
1.18533
1.74653
-1.10742
5.73805
-1.52842
-1.01785
-0.140303
3.91098
-0.689891
0.582591
0.29442
9.54863
0.214226
0.656752
-0.52831
-4.35613
3.67294
-5.13655
-0.271267
-1.85373
0.205953
-12.2714
0.0716018
1.84674
-1.66133
0.787519
0.317214
1.43969
-2.9503
1.21505
-3.73256
-2.19183
-0.536252
0.158063
-2.19638
2.82182
-2.5414
-0.512188
-0.690345
-0.229899
3.51434
0.336675
2.52742
-0.319296
-0.0396197
-4.57901
-0.888362
84.1295
-0.020801
-0.756515
-3.24298
-0.840147
-2.53141
1.16596
3.70376
0.0789517
2.50495
-0.53507
4.99107
-0.48572
1.32733
-0.146353
-13.529
-8.92008
0.378686
-0.56109
-2.2766
1.50886
-1.4831
-0.71976
-4.96447
2.28124
-2.50225
-2.69502
1.35698
0.0492067
-0.366822
0.169502
-1.61114
-26.4708
2.47468
0.40806
-0.232012
-0.330232
3.00362
1.70086
8.90574
-0.17875
0.699284
0.599029
0.192936
0.17052
2.42921
-0.304841
1.38559
-0.496314
-0.120911
-13.541
0.48511
-10.847
4.40131
1.32178
1.46602
-2.5973
-1.86337
1.17172
6.65207
0.0814859
-0.392109
-0.410465
-0.0514489
0.781515
-2.21984
0.278301
-0.757657
-2.06209
-0.245952
-0.420465
-0.980175
2.72567
12.7754
-0.354333
-0.113413
-2.58563
72.9837
-0.255824
-18.3603
2.4084
-0.720103
0.147451
-1.91663
-3.8534
0.42411
-1.15326
1.95592
0.379838
-3.44725
-27.0504
-2.65412
1.49328
1.18667
-0.422256
0.662234
0.494452
-16.1656
-2.29392
-17.4337
0.462405
-0.122715
-2.29685
2.12862
0.21357
-0.389861
1.78102
-0.317459
0.760176
-1.79349
-0.257608
1.67727
1.19579
13.9917
0.736927
0.365117
-1.37426
-2.63009
-0.16814
-0.444821
0.49026
-0.826707
-2.14606
-0.0266117
-1.37404
-1.82885
-0.243978
2.08458
0.247064
3.8197
-0.827918
5.39995
-0.255961
-0.679277
1.91765
-2.60086
0.477333
-0.955344
0.236768
-1.39082
-0.821762
-1.4342
-0.913724
-0.279078
-0.8817
0.0468681
12.9349
4.12295
3.98718
-0.664679
-1.50895
-9.63026
-0.42847
-0.163184
1.00322
1.58422
0.48288
8.74834
2.05691
1.76912
0.949914
-1.66902
-0.387395
0.201753
-43.496
-0.49253
7.24265
1.51767
-9.38632
-2.08361
1.65828
-0.417268
-0.494258
-1.55082
-29.477
0.437857
0.938692
1.08115
-0.126777
0.0117928
1.87017
0.115584
-1.18314
0.199489
0.562081
-0.387524
-0.18852
-0.799573
-0.720482
0.219633
1.44825
-2.78681
-1.96541
1.22371
6.20305
-0.970415
-2.96708
2.37791
-0.0974213
2.06818
-60.1092
-0.252706
0.972412
-3.13802
-1.98625
7.4728
0.442011
2.59961
-0.180684
3.61885
2.1444
2.84452
0.120486
0.193584
-1.01874
-1.26535
0.662719
-0.866032
2.11801
-1.01288
-15.6498
2.81232
0.172281
-0.344389
3.05586
0.0077988
-4.15703
0.137158
-0.125808
-2.81143
-4.54888
-0.488376
-23.1751
-3.06434
0.00267009
-0.136683
0.507471
0.207101
-1.37304
-1.80933
0.741496
3.74923
0.281393
-0.13686
0.358944
-0.186209
-0.208606
-1.15274
-0.886792
0.661217
-2.86724
1.43836
-1.30184
-0.028378
1.33039
3.47301
0.0568083
-0.67378
-0.16604
9.45475
-0.383095
0.291179
-0.255271
-1.63812
1.81162
0.836005
-1.17495
-7.21486
0.172091
0.985524
0.0785764
-0.747365
0.468922
1.05909
4.17389
-1.94186
3.14445
-3.32644
0.937412
-1.15337
-7.67842
-1.74198
-0.125874
-1.69537
-2.7366
-1.54179
3.04216
-0.498573
-0.603317
-0.907221
5.24894
-0.0146985
2.79321
0.813772
0.67281
3.72976
24.4197
-0.303472
1.19863
2.34566
-2.47713
-0.196095
-0.944366
-0.31876
-0.260033
0.477751
-0.717772
-0.495182
2.01287
0.419492
2.84783
0.145795
-0.519952
-0.0910904
-0.189909
1.98685
-0.0432178
-1.8417
-2.6371
0.171081
1.67844
0.938743
1.30855
0.0943705
0.0422806
0.330759
-0.894929
-0.48285
-0.47239
-9.68191
-0.452851
0.331577
4.02111
-0.950694
-0.1206
0.0407116
-10.9486
-9.20241
0.444376
1.12045
1600.87
-0.179201
-2.80212
0.0321713
4.69992
-0.179102
-1.27681
0.676341
0.603495
0.361043
0.947562
1.92945
-2.58423
-6.54682
-0.409437
-0.114107
1.01677
-1.76664
0.84247
-0.632413
-1.31327
0.151179
9.30163
-3.20356
-0.0610379
-13.9408
0.406457
-0.266829
0.242609
0.364915
1.04573
-0.319756
0.426929
-3.46746
0.041611
0.573105
-0.305908
0.0338814
-0.641704
0.626955
-4.81411
2.34431
-0.982125
-2.43272
-0.664036
-0.16975
0.152624
1.56679
-1.59548
-0.0266571
5.374
-43.44
-0.516648
-0.294554
0.42556
-0.781937
1.6105
-0.948819
-1.98187
0.653229
-2.90758
-4.30581
6.91121
0.354591
0.246216
2.16957
-0.891523
6.14673
-0.111118
1.57727
1.0541
0.429985
15.8753
-5.47488
-0.341784
0.258001
-14.8946
0.0627121
0.27705
6.63746
-1.57987
-0.151809
-0.0142289
1.06559
0.567293
-1.80837
0.237817
-0.40734
3.9252
0.840861
-0.684865
2.81475
6.13024
1.9152
0.16796
-1.31566
-1.54649
-1.53968
-0.256186
1.40186
3.54625
-47.1987
-0.359417
0.491452
4.10708
-1.23554
-1.09506
-1.71287
1.48597
6.66508
0.792969
-0.591569
-0.455184
0.20923
-1.24511
-0.831965
2.28107
-2.04639
-1.86157
-0.573851
-10.8222
4.86519
0.483443
-7.6799
0.283303
0.62148
0.401034
0.565835
-0.391593
0.826343
-0.152447
-1.06117
-0.220301
0.302846
0.627035
-0.258882
-0.939344
33.3914
-1.61968
0.914126
0.848859
0.631907
-1.29501
-0.416146
0.33522
-2.22
12.437
-0.818264
0.150343
-0.552117
0.488249
0.954252
4.57187
0.814293
1.70841
-1.60701
-6.29901
-3.46829
0.969726
-0.500291
6.42292
-0.874615
0.151147
1.97783
-2.18188
-12.805
1.1587
-0.505283
-0.876627
1.21257
4.30553
2.20967
1.35535
-0.252488
-2.96239
2.55329
0.867289
0.438362
0.65349
0.350223
-0.0738007
-0.564682
1.90142
5.73516
-4.26032
0.911549
-15.2162
-1.43984
1.5814
0.967492
2.79422
2.46168
3.35904
-0.291012
0.223372
1.01252
3.35922
-0.585182
4.38211
-0.0453193
0.405938
-0.248545
-0.178673
-0.313385
0.398655
0.336088
-0.130282
-68.2524
2.34082
-0.535045
0.0028669
1.11465
-1.30397
-0.168977
0.218627
0.0595689
0.334478
-5.72198
0.389861
1.80897
-0.820561
0.604111
-0.490272
-0.0866074
-6.42443
2.52724
0.968656
-0.0369184
-0.0503955
-0.221873
-0.988487
-0.874151
-1.16696
-0.435541
1.56281
0.698165
3.30877
0.528595
-1.08461
1.53237
-0.112554
-0.841875
-1.04788
5.3398
4.80242
5.39036
3.63285
-4.53374
-0.708803
0.748441
0.127951
3.98421
0.605228
-0.360076
1.3853
-0.0985127
0.482553
1.03671
-5.12496
2.40527
-0.548768
-5.60604
1.32292
-2.14727
-0.0222179
-0.391734
-2.08377
-0.0100228
-3.37308
0.697317
1.02799
-0.223865
2.32247
-0.642124
-18.2318
-0.267905
0.406398
-0.23943
-0.285833
-0.542569
-0.220526
-1.05324
4.257
0.724453
0.260465
3.00344
-0.399017
1.69336
-0.88344
-0.489479
-0.400653
1.24239
-0.571263
-0.614588
11.7019
3.04313
-912.883
0.849018
-0.642665
0.352891
7.54157
0.299796
0.823303
0.740208
0.631574
0.514175
-4.97446
-0.0729721
-0.243345
-0.548251
15.3677
0.543586
-0.185934
-0.580688
-0.674447
-0.0773119
5.42561
0.213094
4.78668
1.08447
1.45411
3.5928
-1.01859
2.59731
-2.32569
4.52192
-0.576334
8.5946
0.130542
2.42422
1.8485
-1.64483
-0.83903
-0.231675
2.09622
0.00189992
0.475411
-0.205302
1.34683
0.884394
-0.487288
0.350859
0.904878
0.593689
0.417635
-0.569704
-0.948158
-0.387589
0.248287
3.16082
-0.727312
-0.350427
0.237555
-22.1212
-0.198632
-0.688866
-0.385055
14.8599
0.487164
-0.388895
0.264878
0.928698
0.134075
0.727216
-0.0546837
-0.679334
-2.35996
0.116475
-0.971174
0.944158
-4.12932
2.77277
-0.952572
-0.340947
0.418733
-0.211991
0.459605
2.86619
-0.134323
-0.450531
-1.00563
-1.44789
0.614966
0.0437327
0.339207
1.18481
-1.5327
-0.763904
0.830856
-0.177476
-0.598537
0.752184
-2.6065
-0.461813
-0.829419
1.04015
-0.487576
0.333704
0.0299732
1.22345
495.76
0.931008
0.591026
40.1001
-14.6189
-11.9926
3.68382
1.39719
3.79256
0.112808
-0.839313
-0.475267
-1.08293
-8.26552
-3.29044
-0.29775
-3.49724
1.40256
-2.21156
0.909783
-0.0841842
-0.879089
-1.12061
0.559761
3.65483
-1.64376
0.3537
-0.412661
0.981133
0.0478752
-0.337755
-0.187287
-1.2125
-1.92363
5.7232
-4.67439
-3.30127
-24.7769
-0.0544021
-2.02097
-11.7027
-0.79413
1.25818
0.546282
-0.178385
1.13334
10.9392
0.894323
7.0278
2.53966
-17.3252
0.803852
-1.44633
-3.1823
0.871336
0.560123
-1.60893
0.792587
-0.327826
-1.96838
-0.66522
-3.56977
0.186622
0.0146568
0.528045
9.51089
1.03418
-0.99948
-1.00079
-1.15869
12.7162
-0.377603
2.19416
-0.83477
-1.16786
-0.0240813
-18.4676
0.947243
0.957214
-0.0618801
0.313897
-0.168981
-23.3509
7.00356
5.15671
0.395452
-1.86524
-2.64136
0.253876
2.50663
-0.246866
-15.7574
-0.83109
0.152322
0.732557
2.25429
0.392593
-0.357819
0.157858
-0.551297
0.498383
-1.35243
1.28975
-0.532153
1.29402
-0.395033
6.55374
1.18636
0.0078793
0.0363009
0.289951
-29.6127
1.01897
1.43011
1.807
-1.20328
-0.536712
0.280242
0.322478
0.22927
0.837397
0.64304
2.89153
1.08839
-1.16975
-4.68528
0.335272
-18.8145
1.69065
-3.70973
0.665379
1.38555
-2.034
0.236066
2.88827
-0.217215
0.526055
1.63353
1.76432
-3.73436
0.042578
3.28273
-1.04248
-1.99998
0.110028
-2.84
0.149355
0.629097
-0.18938
-0.243277
39.0933
0.663068
12.9373
0.0133348
13.1372
-1.6663
2.90887
2.4832
1.88089
-0.741526
2.61313
0.456889
8.21232
-1.24885
3.2281
0.467934
-0.0762602
0.449492
0.754806
2.00383
-2.46782
1.25538
4.42348
8.31437
2.5935
-0.506824
0.33142
-3.7239
-10.0238
-1.48334
-0.832283
-0.0165391
0.228689
158.287
0.84574
2.30496
-1.01864
4.54556
-11.1952
1.32928
-2.51317
0.908359
-0.39432
-0.685565
-0.53962
-1.67348
-0.979374
-4.7508
-0.19521
1.74335
-0.25938
-0.489369
1.01852
-0.27761
0.370849
1.04667
-2.63796
7.23777
-0.0459388
0.118734
-1.02714
0.147617
-0.716246
46.2126
0.552214
0.101225
-56.8762
0.821407
-2.33689
-1.47197
-1.20671
-3.00412
-2.1409
-0.178958
0.716435
-11.329
3.98217
0.357685
1.74896
0.839019
0.857608
-0.170626
-1.31377
0.104356
-2.0138
-1.42915
0.533525
-2.51221
-7.44294
-0.0374527
-5.11802
0.323176
-2.28704
0.594835
0.00803251
-0.0979445
1.25283
-1.18432
0.185211
-1.43598
-0.870607
1.68398
1.34968
1.77298
-2.9008
0.302916
-0.282083
0.48458
-4.29873
0.327113
-15.3553
0.486954
-0.0547695
-0.411988
-8.73381
0.185172
-0.172074
1.3136
-2.07194
-1.16948
-0.279173
-8.25298
-1.67416
0.893092
-0.949488
0.909425
-0.504021
22.3452
-2.25457
-1.85635
-0.974895
4.40189
3.33719
-0.243693
0.834117
-0.18049
1.32453
6.70896
-0.433453
-0.192951
1.59726
0.258616
0.338107
-2.19099
-5.60744
-0.747821
5.35546
-1.03539
-1.22095
-1.01328
-0.180181
-4.78845
2.17176
0.826291
-0.354619
-0.00569187
-1.61599
-1.03038
0.000223518
3.5263
-0.549561
0.450951
5.16368
2.00226
-1.89939
3.04926
0.0574487
1.58522
-1.3468
821.519
-0.314333
3.21074
-0.225493
-13.9482
1.0654
-123.362
1.67178
-1.02885
-0.204038
0.86021
0.414168
-3.03758
-14.2287
1.53915
-1.09476
-1.49967
6.39485
-3.64383
-0.0744956
-4.9375
-0.965031
-0.530569
0.406692
-5.82411
0.589921
-0.0221765
-0.764768
2.64833
-1.16546
0.981535
1.3694
0.33861
0.726877
1.06059
-1.56003
0.190625
-0.79264
3.54975
2.69111
0.154839
1.62311
-2.0431
-7.22082
0.847246
1.21021
-4.11026
184.486
-1.1359
1.34324
0.280771
0.199575
-0.412067
1.688
-1.74118
-1.07124
0.376454
-0.524139
1.32472
40.5675
1.09426
-0.442304
0.662771
-0.534061
-0.825127
1.56231
-1.01858
-0.346548
0.156989
-2.72195
3.04716
0.0955235
-5.97774
-0.294864
-0.534257
-1.8374
1.76875
3.46795
28.3403
0.903672
-0.211253
1.46767
-7.15239
-2.16438
0.338818
-0.467745
0.894827
-0.793315
1.83156
0.98325
-0.192729
0.0300774
-0.271659
6.32605
17.5565
-0.682913
-29.7101
-0.505495
0.598135
0.417266
-3.65118
-3.8782
28.3103
0.366977
0.661938
0.31768
0.221831
0.0214379
-1.16618
-0.800298
-0.966261
0.856008
3.65835
-1.71261
-1.05648
-0.338635
-0.894478
0.773037
-1.40068
1.80951
4.28543
7.86378
0.642265
1.78926
0.519828
-0.0516514
-0.224434
2.48088
0.457547
-1.09903
-1.35526
-2.90531
-0.150308
-38.1384
9.35708
0.80798
-0.55152
3.52052
-1.5551
-0.036971
0.53646
-0.470934
-14.2216
0.408014
-2.46347
2.08852
-0.921938
4.47358
1.25532
-11.1328
-0.106779
-0.263159
3.10007
-1.29245
0.648374
1.60498
-0.476573
-12.8322
-1.09576
0.0926168
1.61151
0.80565
4.69624
-0.449042
-9.89102
-18.9187
-0.883783
-1.64558
-4.84026
2.68599
-0.424553
1.75915
15.0457
0.346397
0.529413
-1.37152
0.786639
-0.581589
1.44406
-0.52415
-1.15397
-2.93133
1.23587
1.35261
0.35375
-3.43686
-0.467279
-1.07808
-0.657137
-1.03385
-0.492807
-1.27656
0.30008
7.03607
-1.37834
-3.41239
0.491532
-2.22418
-15.0777
3.46332
0.307111
2.43535
2.7281
0.141362
-0.229409
-0.112785
-0.344568
-1.45185
-0.0346746
-0.626216
-0.958754
0.302991
-61.8527
-0.0789014
6.91846
-1.99108
0.0622
-1.48691
0.952076
1.60182
0.868247
0.0606901
-1.26186
-3.09179
-0.228367
-0.786664
-1.89583
-1.63266
-0.517462
-1.62045
-1.49471
-2.23219
-1.53462
1.02266
1.11698
-0.89471
-2.40926
1.5869
2.94945
-1.20159
-0.246394
1.29133
0.0238449
-415.335
0.0540677
-0.65155
-1.40047
0.0533783
-0.491672
-2.75221
1.64778
-0.85002
-0.172401
-7.30454
1.54722
5.22344
6.17183
-2.32379
0.323648
34.941
0.577919
2.85994
2.4539
2.04734
1.12042
0.0358154
-3.92794
-1.75993
1.11643
-30.4541
0.515037
1.48095
0.900021
-7.9994
0.179465
-12.1965
0.887542
-2.83759
0.437672
0.4725
0.08397
3.31427
7.00315
-1.21997
2.47304
9.89013
-1.08641
15.4772
-1.93165
0.0921302
-3.99813
2.30309
-0.809462
-0.329986
1.09058
-1.02269
-0.169149
1.05224
0.6022
-1.22934
0.0560538
-0.557894
-0.759426
-0.0506286
-7.60509
8.92647
1.89285
0.814818
0.800972
-4.58455
-0.346577
-3.20352
-0.286424
2.77433
0.675338
-2.76318
0.332778
0.196248
-0.0664353
-0.0538674
-1.12683
-0.416176
-1.19634
1.29846
-1.78839
2.22925
0.518387
1.73951
-0.812242
-2.64203
4.683
-58.0105
-3.53665
-2.34501
1.22771
5.60682
0.320783
-0.145386
-0.45803
2.63943
-2.67809
-0.45184
-0.347853
1.28492
-0.221757
2.12319
-1.41176
-2.29168
0.608845
-0.342834
0.946793
1.72974
7.65449
-1.05993
-0.478424
-0.795395
-2.42263
-0.00388358
-1.72142
0.0909341
-0.238495
0.0367845
0.152688
5.28654
-19.787
-0.745291
-0.0681557
-0.522376
0.25456
5.46887
0.0244692
15.614
0.224177
-3.19024
0.700339
1.17244
8.12423
0.83051
-2.08243
-15.9611
0.415731
0.149809
-6.43221
-1.20804
0.482519
2.84317
-0.416968
0.154287
2.25358
1.19161
0.26607
-0.0247916
0.160873
-0.404873
-0.830613
8.60545
-2.06927
-0.187291
-3.36008
0.535916
-0.167294
-2.83427
0.736661
0.684028
-3.37677
-6.1283
0.108129
-0.265929
-5.24455
-0.00728424
-3.25434
2.52984
-1.78242
1.81573
-0.859585
3.607
0.52474
-0.222298
1.81176
1.06404
-0.235926
14.1336
1.19235
1.76407
0.41273
0.909629
0.949667
0.731298
-0.824019
-0.108964
0.0699154
-3.5822
-0.353
0.830303
1.14455
-1.01582
-0.463013
-1.09319
12.0982
2.58423
-24.4413
1.02766
-0.224174
5.27247
0.187058
-3.50948
0.115884
-2.41667
0.0552612
-3.46537
-0.381076
0.402706
-3.51335
7.73816
-0.586912
-1.80546
20.9842
-1.48557
-1.44292
-3.58853
-4.1756
0.805232
0.23526
0.423203
1.75124
0.461716
-4.07407
-0.212718
275.519
-1.59212
-1.57188
10.9796
0.734447
-0.30519
1.00144
-0.834223
0.940057
-0.385014
40.4023
-0.161614
0.273226
0.646777
-0.558438
-2.95768
0.960646
-1.09832
0.96106
4.51484
0.964311
1.51282
-0.599395
-0.201056
-4.59384
0.500092
0.186023
0.550492
-58.2216
6.14096
-0.30518
-0.663979
1.04031
-42.3899
-0.532832
-0.810945
1.29895
4.57464
1.47607
0.0255393
-4.51759
-0.364108
106.914
3.06111
-0.899199
0.706446
0.414716
-0.332362
0.667893
-0.687099
1.35274
0.630639
0.0418946
5.71706
-3.68303
52.9413
6.86995
-23.1323
1.222
0.535065
0.28629
-0.896677
0.407972
0.595517
0.602401
-0.724513
-1.15905
0.83018
0.932877
24.7088
6.14471
-0.250284
1.61252
0.596687
0.553769
0.0767006
1.8491
-11.2716
3.80014
-3.57695
2.21624
-0.805671
-7.13633
-5.47873
-0.177526
2.08525
-0.152761
4.22912
-11.8762
0.243807
3.31115
8.62914
-0.183823
-1.64763
-4.01757
-1.89377
-1.77302
0.767284
-0.541729
-0.610144
0.406835
-0.279174
-11.7008
0.326857
-0.44585
-7.14211
1.2073
0.359275
1.74705
-0.380642
-6.58697
0.0687853
0.2003
1.035
-0.222813
0.798763
0.302015
-0.485521
-0.762952
1.28654
1.67294
-0.54636
-1.32251
0.613615
-0.384835
1.40338
1.10408
-2.16774
-5.18621
-0.497669
1.14828
-0.142773
1.29537
0.486882
2.54175
15.3372
-16.3155
5.48837
-1.93365
-0.0961731
7.95417
-0.671396
0.607536
-0.282664
0.140941
8.43713
-6.3023
-22.74
0.349825
-0.980024
-1.70852
-0.149283
31.7284
-0.648721
0.700727
0.293677
-6.73774
0.270895
-0.963106
-0.791244
0.309637
140.215
0.3695
-0.779542
-0.598643
0.0428771
-0.868076
-0.407465
0.406241
1.54225
-0.84058
1.57591
0.494729
2.76513
-1.29629
0.415236
0.441385
-1.17512
-8.5928
0.281781
0.852056
1.0114
-1.62179
-0.065345
-0.898369
1.35744
-2.05762
-0.956878
1.52285
-2.37949
-0.436813
1.88108
-0.596788
36.7251
-5.74588
0.635109
-0.509834
-0.1259
-0.47926
21.2388
1.34356
0.165889
-0.189296
0.9513
-2.55641
-5.006
-47.2137
-1.40489
0.903841
0.493845
0.266404
0.845156
-2.97619
0.847745
1.26954
11.8673
1.15343
-1.7127
17.7737
-3.18175
1.50618
-0.971864
0.379735
0.389037
-13.2985
22.5141
-3.1947
-0.586226
-2.83888
-2.30537
0.53247
1.56639
2.87841
3.48647
-1.65292
-1.15201
-5.13681
0.423522
1.38159
0.172392
-0.657627
-3.20301
-3.28888
0.297587
-0.116679
2.71887
0.748277
2.66806
-0.310867
-1.12563
-4.2505
0.418796
17.0129
-1.46368
-0.347525
0.65375
-0.100853
-0.231437
2.74716
-0.649954
4.00945
-0.394405
0.0908987
-2.32158
0.516256
147.146
-2.94373
-0.666652
1.87447
2.18404
-0.303546
6.14231
-0.655056
-0.120687
-0.0735333
-0.69554
-5.99016
2.64302
0.790931
1.22124
-0.109461
-5.07626
-0.38168
1.02349
-1.28643
2.74079
5.37403
1.39049
-1.09039
1.59221
0.797717
4.76234
4.59825
0.621088
-1.6913
1.16057
0.115637
0.992656
-1.48498
1.35561
-0.620782
1.51365
0.628511
-3.12457
0.0434043
-1.66454
0.183991
1.5674
4.78031
-0.980681
0.164251
-4.72491
-0.0474001
-0.385808
0.083992
-1.71255
0.171204
0.037916
-6.2723
0.10904
-0.316656
1.12766
0.318669
2.94517
0.569088
2.91294
-3.16111
0.15794
1.23671
-0.176425
-0.629372
0.159502
-1.28816
-1.22428
0.870792
-6.92823
-0.574611
-571.167
0.462829
0.528308
0.291064
-0.723991
1.25247
0.618419
-1.13985
-0.116878
-1.44644
1.49119
0.0228335
-4.87316
0.105849
-3.45311
-1.42751
1.20747
0.166594
2.00923
-0.226867
0.0459332
-1.84108
-0.0270462
-2.26015
-1.03188
-0.581172
-0.3305
-27.3568
-3.66457
-0.347546
-1.21324
-3.1093
-2.19782
-1.62447
-0.0678607
1.93225
2.44288
0.663797
-1.15398
3.46719
0.129044
-0.119341
-0.193781
-0.482802
-1.74473
-0.144576
2.1444
0.311192
2.05647
-0.148231
-0.949559
0.0775106
-1.22061
-8.22793
-2.49175
-0.939164
1.00284
-0.442115
0.344745
0.125958
4.03926
12.329
0.799371
0.881101
0.094521
0.34833
0.00406487
-2.34692
-7.80381
-2.42299
0.417339
0.29529
1.13644
-237.93
-0.93539
0.329079
14.3709
-2.75887
0.669195
2.83336
1.97009
0.155863
0.19978
-0.855191
2.60909
-0.819835
0.589814
3.23127
0.266357
0.501021
4.83348
45.8756
0.371548
-1.21858
1.1978
2.75829
0.0537022
-0.750966
0.828197
-30.3078
0.441912
-0.112839
-2.11432
1.23062
0.68019
-2.14492
0.614364
-0.18582
-0.830413
1.20163
1.59328
-1.80876
0.32208
0.345293
1.00057
2.48047
12.41
1.51781
-1.00881
0.675
44.6374
0.380177
-0.739963
0.346382
4.75428
0.230062
0.03005
0.226885
0.762592
0.382559
57.0055
-2.50469
0.920685
-0.0946403
4.82233
-1.0692
-1.2315
1.6632
-3.59232
-0.539549
0.666896
-1.24955
0.348414
0.780139
1.63594
0.631792
-1.32859
-3.87381
-0.572974
19.1687
42.3185
0.462015
-0.0334874
-0.122852
21.6224
2.35153
0.886668
0.635064
1.11039
-2.22194
-1.90474
-1.62902
7.57846
-0.552166
-6.38518
-1.21425
-5.22856
6.1436
-1.78789
-0.0363471
1.41305
0.565083
-11.3813
3.48956
2.29274
-0.11532
1.55999
0.0804524
3.9388
0.584359
-0.416835
-3.31147
-1.88099
-0.365184
-0.0235346
-9.75867
-0.0142007
-0.578997
0.92703
-1.91638
-0.776514
1.25003
1.31087
-1.89418
1.12777
-0.601637
-2.12329
-13.4732
3.45484
-0.651593
-0.875101
0.915494
-9.38918
-0.465997
2.07346
-2.63193
-18.1505
-0.829287
2.6837
0.472569
-8.53016
1.21877
0.551413
-0.127986
-1.66503
-3.06594
-30.2151
-2.32625
4.72783
5.45713
-6.87531
0.274302
-10.0379
-0.00357509
-1.87345
1.35719
0.688537
-0.407576
0.377493
-0.483425
-2.17329
0.144966
1.26021
28.0837
6.55069
1.06024
-2.37935
0.339882
2.04997
-1.10946
0.257972
4.78963
0.829889
-7.00101
3.09599
8.83757
0.624256
-5.58341
-0.551714
-1.60496
-40.8487
96.3573
-1.21217
1.73151
0.722205
-0.349689
-0.467302
-13.0946
0.0613179
0.245118
-1.61561
1.30049
-11.7405
-1.24534
0.111598
8.03794
2.20578
-0.349284
-148.854
-1.25344
-2.94824
1.6954
0.697702
-8.25939
-0.410574
0.0812543
-0.596971
-2.47415
-0.0316646
8.4278
1.26437
-0.784385
0.347477
0.463837
-5.0247
0.167211
0.0231694
0.132928
-0.441217
-1.61087
1.67144
-0.712113
0.265562
5.58891
-0.561821
-6.66352
0.124299
-8.70318
-0.140677
3.92013
1.64607
-2.23999
0.452627
-1.68859
-8.94282
-1.04409
-1.4069
0.0090417
-0.0379695
0.527934
0.165868
5.25243
-0.260928
0.726389
8.59064
4.30538
-9.97775
37.3613
-2.06379
-1.06904
0.0499661
3.18785
-4.39361
-11.1342
0.012621
-0.240394
0.305204
2.43045
-1.99369
0.0917283
-2.58112
-2.89789
-1.11712
6.15187
-0.266666
-5.58203
12.0836
-4.33743
-6.48529
-4.90526
-0.283852
0.219343
1.78041
-1.23795
1.6814
0.329161
-0.302511
-0.0449229
-0.728045
-7.59921
5.45027
0.740382
-0.59016
-1.69935
0.0149014
-0.157314
-0.830613
1.39186
2.03034
1.44002
0.706793
1.58269
-0.427416
2.35283
-0.30278
-0.157587
-1.70768
-6.29159
1.04505
-0.0442171
0.689538
0.0608191
-1.33152
0.985881
-1.2885
0.0215364
4.84062
-0.55563
0.711236
0.773516
-0.111322
0.155361
-0.876734
-1.15452
0.333865
-0.305959
6.81459
5.30461
0.222919
0.202122
3.96918
0.245072
0.648322
-0.37722
-0.435885
-0.239251
-0.0119581
-1.40729
0.866048
-0.0957039
0.345025
0.828884
-0.557142
0.456216
-15.7277
-6.72575
-0.962336
-3.19713
1.31408
-52.3122
6.0489
0.16939
3.47185
2.53909
-2.36285
1.21599
0.971057
1.25715
-0.288726
-0.649779
3.49968
-3.13718
-10.742
-2.99498
-0.0650417
0.704974
-0.0467491
-0.166368
-1.68709
1.75517
-2.40911
-0.571047
0.25188
1.04343
0.132246
0.700569
-0.203348
3.02778
-4.79032
0.372227
-0.193557
-0.263557
-2.20909
2.61837
1.51836
0.995013
6.06627
-6.47811
-0.257123
0.475914
-0.0884413
4.47918
-1.73918
0.615576
20.0091
-1.12044
0.161543
-27.2979
38.3503
-0.464321
-0.613564
-1.5658
-0.399551
-0.952193
-1.27588
-0.236506
-0.220799
-0.463696
-1.11778
-0.246564
17.1454
-0.0012613
1.02942
-0.11366
-1.46532
-0.311052
1.39733
-0.740683
0.416605
3.86341
-0.198944
-136.624
0.35945
-3.95101
2.33476
-0.195944
1.09872
0.650382
-1.27184
-5.9221
1.59019
0.571268
5.11269
-5.85612
26.0384
-0.839078
4.58838
-2.04928
-0.879965
-0.362738
0.19947
-6.24002
-0.687469
-1.61881
-0.501582
1.92648
0.639347
-1.99579
-0.980015
-0.203247
0.940993
-0.261749
4.7447
-0.835995
-0.829212
0.923386
-0.0403662
-0.321102
0.290992
-1.50654
3.03047
0.170133
-0.275442
-0.56815
-4.07063
2.3774
-2.05449
0.47875
-1.04854
-0.812004
-0.456885
-2.35882
0.0872135
0.500418
16.5358
3.2196
-0.04168
-1.31353
-4.12532
0.143287
-0.978848
-0.168273
655.464
-3.55801
1.54765
-4.62084
2.18967
0.350716
0.139091
-0.136025
-0.188996
1.50769
9.25233
0.715114
0.523595
-0.704883
-7.31817
-30.5
0.530983
0.10144
0.653205
-1.70802
-0.781743
2.19192
-2.04252
-1.91019
-1.42995
-0.546706
36.7089
0.39409
0.315103
-5.49392
-1.40657
1.74819
2.77583
1.42839
-0.0299604
-3.03352
-0.15597
-0.03036
0.660984
-0.351091
-6.92695
0.0307015
-32.9482
-0.1858
2.59194
-75.1219
0.640489
3.03827
0.240619
0.907927
0.213731
0.827727
-0.09007
13.8355
0.816372
0.844217
76.2307
1.29388
-1.11098
-0.0410791
0.547931
-0.39086
-9.11907
-0.179483
0.126817
-5.09215
1.88176
-0.644165
-0.151932
14.8873
0.376256
3.44022
-0.591298
1.53856
0.783257
0.808705
-22.7381
17.8823
1.6025
3.14696
0.149124
-0.94947
-0.0702855
0.798928
-3.33464
3.72553
0.337794
-0.399223
1.77067
-1.92722
-3.20371
1.43651
2.83675
-1.15274
-1.63118
1.67674
1.32426
0.574817
0.0893739
-4.25513
-6.06416
-0.10094
4.51161
0.538842
-0.630321
1.29871
-1.32692
0.0440906
0.817588
0.28306
2.61346
5.26106
2.10083
2.93966
0.188785
0.671693
-0.572738
182.733
-0.401611
-1.68967
-3.72342
0.194393
21.2708
1.59809
0.993545
0.565758
-11.4262
2.69295
-0.0135816
3.47968
-0.0312625
-0.0521106
-0.0112109
-0.0323341
2.38668
-0.900892
0.0531964
-2.49749
10.8478
2.04262
0.742309
0.871823
0.374098
2.37445
-1.32654
0.88527
0.209193
-0.0958259
7.68904
-13.9341
-0.318283
1.7972
-0.013488
0.856041
2.01233
-5.25157
0.749219
-9.31298
-1.36808
0.951596
19.8072
-1.62635
1.30617
2.96415
-1.24638
-0.456344
8.17587
-0.326868
0.81054
-0.207165
-1.02999
0.475339
-4.01268
0.704229
26.7094
0.47891
-1.70466
0.293856
0.665658
-0.529309
-1.16878
0.792096
1.20947
54.6673
0.537242
7.87864
-0.968523
0.976909
-8.8468
-0.180984
-0.534491
2.86917
1.37373
13.2167
0.72579
0.00662232
1.22479
-1.67323
0.0788043
1.38539
-0.677189
1.43518
9.12214
-0.362993
1.3772
-5.04933
-1.00166
-1.69621
-0.323301
-0.171536
-1.94228
2.09139
-2.08427
11.9171
0.861161
1.36212
-0.4231
3.58269
-0.254422
0.3536
-1.48605
1.51823
0.466585
0.381514
0.334372
-0.122452
-7.12651
-4.39799
0.772826
-6.39775
-2.01434
-0.466091
-10.5449
-0.14082
-1.1633
1.92805
-1.25406
0.513288
-2.99572
-20.4947
0.0683016
0.998112
0.318793
-1.06201
-5.59768
9.39079
-0.630929
-1.91735
-12.0763
41.4627
-0.493439
-5.5329
0.892126
0.0592281
5.52312
0.412114
-0.727063
-0.495549
2.07836
1.67137
-3.89823
1.39907
37.44
-1.53227
-1.79277
0.490446
-0.894736
-0.00682361
0.59628
0.222118
-6.3302
1.31651
0.891807
0.881004
-1.16621
-0.0724316
0.238755
-24.2835
0.587052
-0.328022
2.99693
-0.0658376
7.07804
1.02821
2.98753
0.221995
0.239904
30.8013
-0.379536
-0.570721
-0.827703
-0.131553
-23.9874
1.80016
-7.77567
0.570089
-1.20802
1.14516
19.2181
4.8595
-1.09347
-0.633323
2.59221
-0.543077
-2.36031
0.400662
0.780107
-127.683
1.65218
-0.668131
-0.13465
0.0722962
-0.190494
-0.525834
-1.74356
0.198863
0.743321
-0.351469
1.02517
-0.649015
-0.0427122
2.48885
0.975522
-1.03686
10.3432
-0.248221
-1.19272
0.240716
-3.88704
0.513077
6.56684
-2.18347
-0.0603977
14.1409
-0.648945
0.533871
0.903314
1.88993
3.24487
-9.96291
-5.26329
-0.0634697
3.40707
2.30924
0.0694082
1.09398
-2.18154
2.40627
0.58534
-1.77455
0.65625
-1.5861
-2.25605
0.0785171
-0.199051
-0.553835
2.70183
-0.994816
-0.193653
-1.88764
0.238168
-193.468
41.132
0.348912
-0.449869
-0.202559
1.18188
0.245759
-1.03058
-2.24837
-0.729155
0.0718576
0.224574
3.32552
-2.18104
-0.448281
0.417644
-0.682707
-0.24942
-0.587342
-2.88019
0.811501
-0.763444
1.47773
0.829986
0.344407
-23.8588
-1.69348
-1.81998
-0.523295
-0.00480935
-1.25509
0.151552
-2.49635
-1.04191
-0.287225
-1.36863
0.88981
-0.594334
-1.10162
-0.0682984
0.31866
-0.888542
1.14744
11.5848
5.50578
2.91015
-1.02069
-31.194
2.12011
-1.43716
3.68858
-32.0483
-12.3162
0.339081
-5.59203
0.720525
-0.294819
0.370917
12.659
-0.172353
-0.855603
4.91406
-1.06702
-0.414148
1.05829
1.10904
-3.51763
0.732059
-0.236961
1.11449
-0.962839
0.111148
0.988792
-3.72931
0.478899
1.39566
2.86364
0.87204
-0.746825
1.71203
-1.44419
-0.0650395
-0.198065
0.0644874
-1.00541
1.21407
0.255972
8.56487
1.31499
-2.26466
-0.082763
-0.660573
0.625332
0.948449
0.0401905
5.04882
-1.53754
0.591093
-0.163597
-2.51732
-4.40903
1.77867
0.848789
0.625757
-0.16663
0.7191
-0.238387
-0.140883
1.8399
0.0747701
0.28598
-1.14121
-0.854032
-0.230999
-0.347127
18.2212
-0.497539
1.34433
-0.595315
-0.126709
-1.02983
1.15554
0.588367
0.879803
-2.27292
16.75
-1.11743
-4.8915
-0.170541
1.0629
-0.987406
-0.077145
0.912934
0.391863
3.02242
3.59175
1.59599
-0.657571
-0.566859
-0.107145
-0.770952
-0.144035
0.975701
-0.445519
-1.01382
0.298241
-1.25779
0.272496
-0.726861
1.10922
-0.936216
-114.35
-0.381561
2.22395
1.23927
-0.434635
-0.624277
-0.641996
0.497334
-0.229149
1.81138
0.781983
1.15126
2.04692
0.346511
-5.84024
0.691438
-0.774103
-2.77632
0.796629
0.456936
-2.63057
0.411709
-0.605611
0.701741
-0.190944
-2.81588
-1.05661
2.81437
0.278669
1.46048
4.07881
-0.63608
-0.733242
3.34932
9.41138
-0.602978
1.19862
0.128787
-0.207112
-1.43192
3.46753
0.159518
1.10501
-1.05968
1.52664
0.540441
0.394504
3.43847
3.2496
-0.126882
-0.44545
-0.326839
-0.388414
-0.371839
-0.619423
4.8908
0.477873
-3.55588
0.68276
49.6394
-2.28237
0.662021
-1.04931
0.639025
-1.51865
29.4843
-1.15553
-0.736853
-0.46853
0.00540907
-0.516619
0.501691
-0.257177
0.031521
6.34006
-1.63255
2.10098
-0.347083
-1.91111
-1.09305
0.398859
0.589794
-0.665413
3.03131
-1.18862
-0.370582
-2.00582
-0.630457
-3.46008
0.815296
0.551881
-5.54652
0.4917
0.858858
0.793606
-1.03513
-3.86087
-2.64508
-8.26146
0.0519909
-1.34879
-0.0633478
0.423607
-0.855257
-1.6271
-0.198075
1.56763
0.288891
-161.528
0.53869
1.64354
29.7034
-0.010706
2.4258
1.57561
0.448744
-1.43665
0.398324
0.191745
-0.56296
0.787352
0.342875
0.526562
-0.458517
1.59522
-1.56068
-0.911642
-0.357428
0.475714
-0.433875
5.87113
-3.30664
0.947845
1.11572
0.0312371
65.584
-0.155896
-3.85763
0.842009
-3.44269
-0.225492
0.0404655
-0.930117
0.437122
4.25911
-1.53699
1.44869
39.4902
-0.306258
-27.1024
-0.615038
2.97123
-3.05191
2.72813
-0.461968
-3.04075
-1.45761
1.43714
-0.58773
47.8247
0.446586
-1.74432
1.86051
-11.4627
-0.960536
-0.152481
3.57756
0.176245
1.19373
0.505952
0.307947
1.9484
-1.13321
-1.40072
1.44484
-10.1957
-0.0269065
-1.0168
-5.98459
0.103732
1.51591
13.3974
0.121689
0.471981
-0.649034
-0.336793
-3.52217
3.37142
-0.828161
-0.103032
-4.28654
0.677758
-21.2226
-0.260468
-0.223089
5.1862
-1.30347
0.0443838
-0.517077
0.758949
0.371402
-0.170699
-0.890086
-0.106995
-1.18311
-2.08778
6.51115
-0.026024
0.0627573
1.29491
-1.7793
3.80111
1.95663
1.42637
-0.416164
0.949602
0.56566
0.0136983
-1.38862
1.34671
-0.51185
-0.615641
-1.03315
-0.295355
-1.16575
-1.70376
7.18676
4.82996
-0.298614
-1.01918
0.872399
-0.360143
-0.118627
0.699077
-0.680221
0.77083
2.28297
-4.78421
2.7609
0.0967611
-0.463217
-4.10277
-0.605179
-0.111068
-0.409436
2.28492
-1.2725
-1.17727
-0.258522
0.624954
0.317349
-0.119399
0.869565
0.27286
0.768898
-1.85602
0.692086
0.490654
-1.16209
0.344155
-15.1196
50.1186
-3.90604
4.60779
-0.096832
0.174986
-0.392604
-2.13168
-0.926647
-2.21315
-1.07854
-0.253594
-0.426031
-0.64257
1.75161
-0.567166
62.5643
0.46446
-1.6703
1.23489
0.0859667
0.823223
-1.18626
12.6829
0.84036
1.63549
0.321162
-4.86227
0.137745
1.19212
2.71166
-1.86251
-0.279016
-1.31532
-2.00237
-1.02367
-0.117077
-0.521377
-2.4856
0.39923
-1.21378
-1.37322
3.04891
-0.0370129
0.336637
-7.44333
-0.409065
-0.463849
0.618005
0.105203
-6.81489
-2.55391
-0.993508
0.755233
0.208685
2.02759
-2.51
2.64692
-2.2217
0.646371
0.0994557
-1.89796
22.0751
0.607518
1.64298
1.6718
3.1184
-7.27366
-0.103761
7.09839
0.184085
0.765296
-0.18067
-3.202
-4.40627
-1.72981
-1.24622
-0.361414
-2.83667
-0.0117203
0.894196
0.268663
0.436246
1.15143
1.28043
0.411009
-1.25118
0.0777268
-0.84799
-0.596679
-3.88979
0.148302
-1.67058
-0.251989
1.33545
0.0509925
2.78492
27.1678
5.24865
-6.45083
0.592712
-0.189086
-10.2375
3.94893
1.19145
-18.8506
-0.29626
1.50222
0.282069
-0.453046
-0.0129204
3.19857
-2.44995
3.65006
-0.155741
-0.0790204
1.95256
0.721357
-0.241613
-1.85931
1.21527
-0.0604749
2.02764
44.3262
-3.53348
-2.27337
4.21997
1.93989
14.4689
-12.6195
1.3272
-1.14683
2.06898
1.80474
0.518459
3.15141
0.156375
7.57672
-0.590061
-0.847337
-1.97696
-9.9606
4.68348
0.630867
-3.0443
-5.79688
2.74214
-465.568
-1.50163
-0.260998
0.750683
2.77691
0.845442
-11.0827
-0.787
-1.12287
0.224617
-8.48816
0.715672
-0.71991
-0.370479
1.6483
-2.36315
-15.4339
-0.73657
-1.79743
-0.825819
-0.146227
39.6188
-1.10987
-0.0692705
-1.14845
3.70382
0.529872
-2.36177
-1.34587
-1.50492
-5.67497
0.774012
0.0935744
-3.05728
-0.964856
-0.205886
-0.204901
0.104094
-1.39908
-10.5521
0.646479
-0.528063
1.63868
1.32419
1.11283
-0.459117
-0.0354525
1.73993
0.256311
-2.8882
0.278141
-14.6895
-0.124417
1.06028
-5.56597
-0.638195
-1.00564
0.94638
1.23078
-0.905289
-2.35722
-0.0424411
-0.177625
21.1757
0.0555567
2.80613
-3.84412
0.00738904
-4.59378
-0.292412
-0.01649
0.335235
0.20613
0.172013
-0.707371
-1.5133
-0.60692
7.36744
-0.731451
-8.14091
-13.4088
-6.65052
1.90444
-0.968268
0.699979
0.0724328
-1.39881
3.15884
0.607761
-0.858672
-0.833093
6.2298
49.6101
-0.541436
19.8274
-0.276851
-4.22871
-0.824584
-0.849829
8.05587
58.5393
-0.55388
-12.8831
-2.95312
0.963417
5.66639
-11.4357
-0.594665
-0.679198
0.825752
-8.92047
47.0914
0.680382
1.54697
1.49416
-1.58166
0.00418404
0.53514
0.761177
1.05759
-1.44384
0.441912
-0.732628
3.213
-0.0485277
-0.648186
-0.916088
-7.03815
1.91875
1.31414
0.117071
0.814994
-2.82562
0.709109
-0.418525
0.182701
1.83629
-0.875637
-0.42025
0.460622
-0.0267787
-1.13233
0.289404
2.28761
-0.316444
1.17338
-0.861973
2.6298
-0.424446
-73.1859
0.786431
6.77054
-1.26329
1.23959
-1.28537
-0.11579
-0.675383
0.061177
-2.95254
-0.347865
-0.261651
-3.25102
-0.398105
-1.05872
-2.3867
-0.215773
-4.71085
3.6606
0.308066
3.43448
-5.44308
-1.1672
-0.281192
-0.118588
3.34207
-0.15338
0.945817
-2.08364
3.44171
5.73105
-0.340139
0.933387
-0.819771
-0.812981
13.5116
0.469205
-0.121115
1.63696
0.865875
-0.933475
1.2269
7.9953
-1.34217
-0.735842
-0.5861
-0.777134
-2.82257
1.93033
0.293168
0.741979
-0.0478451
0.634958
-2.9844
4.40199
1.87314
22.3015
-0.988206
0.898594
-0.614805
0.542465
-0.119014
0.127238
0.303193
-0.718441
-0.464457
0.410693
-0.206932
2.09043
-0.355766
-3.75152
0.645083
-6.26358
-3.74883
-2.00128
2.15372
-1.19763
1.65895
0.589675
-0.472963
6.76136
52.6645
-0.634532
0.358383
2.51931
-1.03401
0.30796
-0.415948
-105.111
1.25106
-0.323204
-3.19231
0.723875
-3.19488
-3.29114
-2.11009
-0.22278
1.23514
-0.223402
2.65294
-0.47252
23.9623
-12.064
0.336535
4.14828
-1.77806
0.228926
-1.28237
0.381913
1.33857
-30.0712
0.797619
-0.276157
-6.34001
16.5456
1.64888
0.0958642
1.27634
0.505146
-2.15576
-1.18012
-0.086925
-1.16718
0.406664
2.11563
8.86771
-0.192732
-0.109225
-0.866067
-0.557302
-0.419375
-0.473152
0.167796
0.280263
0.833841
1.47678
-2.64457
-1.05857
1.18986
0.52995
-0.51068
5.31791
0.219278
-1.32035
-3.73741
61.7216
-0.67428
-2.02703
1.74065
3.40445
4.54876
0.592164
0.234466
-0.713132
-0.50697
-0.345221
27.5962
7.45527
0.0264937
-1.10917
0.2817
4.16788
-2.11548
1.16783
-0.870932
0.0940157
2.1017
0.213232
-6.41288
-2.94161
-0.51377
-2.62865
0.165646
0.831942
-6.18125
-2.58788
-2.59833
1.76082
0.28818
-0.379412
1.81652
-0.337655
1.47884
2.98307
0.928428
1.75338
-0.0784388
-2.16502
0.702484
0.549502
0.134275
-1.23265
-11.6593
1.11945
-0.429408
1.82853
-0.247068
0.971939
2.4968
1.05999
0.678085
-0.194534
-0.26287
-0.0895081
0.843225
-14.7022
-0.11305
-0.284579
0.633936
-1.16435
0.456555
-4.05891
-0.62214
1.90392
0.224913
-0.938037
0.149499
-5.26178
5.08852
-2.18081
-0.69036
-0.0247563
1.66741
-7.47225
0.0382633
0.741443
0.990062
0.851723
-0.53487
-0.751532
2.27708
-1.26402
-1.30859
13.8419
0.237504
0.0242512
1.35864
0.0777988
22.692
0.166286
-1.10987
3.63428
-0.489414
0.484624
2.37204
-0.745985
-4.78967
11.0692
-1.48462
0.271048
0.736481
0.183776
-0.730911
-5.9134
7.0554
1.62492
0.661757
0.116936
-1.07281
-0.0844928
2.37382
2.01885
-1.12549
0.467321
49.8209
-0.102756
-1.70193
-0.428732
-1.58698
1.14658
2.14475
0.728134
-0.284987
1.08816
3.78244
1.56237
-1.42122
-0.691241
0.535583
-0.320576
-0.920194
-2.1914
-1.1218
1.24769
-1.69982
0.540859
0.323685
0.64014
-0.126055
-0.0794689
-0.0745983
-1.43083
-2.2772
-2.10591
-2.25375
-1.25498
-121.486
-0.113879
-13.9504
0.108535
0.840568
4.0631
-0.636009
-0.745599
-0.0568053
-0.567086
0.328605
-0.575142
0.396914
-0.0244831
-0.273897
0.329007
0.604044
-0.3635
-0.855175
1.08477
1.29723
-4.69502
1.67038
-2.2538
0.477423
0.388625
-0.734113
55.7074
-24.0781
-0.750842
0.815208
1.31542
-0.201063
4.89145
0.0836356
-0.893446
0.683326
-1.26134
0.061049
-12.7394
-0.350466
-5.74993
-0.87543
2.13348
1.65796
-0.0493835
0.333537
7.35401
-0.523956
-2.89104
0.121863
-0.51813
-1.24351
-0.271616
4.34774
-0.386894
0.51109
0.107816
-0.22472
0.615346
-0.371087
-1.46305
-3.08127
1.03255
1.08635
0.715953
-2.04456
0.390575
0.562689
-3.07999
0.0356396
-1.7606
-0.303601
4.65093
0.0489856
-1.28667
1.1781
-0.479365
-0.243132
13.3959
1.36824
0.346886
-0.901903
0.570778
5.25527
-0.565923
1.05292
-0.0626727
-0.644114
2.93782
-0.665744
-1.47672
-28.7696
0.762377
-2.34561
-0.0570779
-4.67464
0.551074
-0.656346
2.99403
-0.297017
-2.80227
-1.14225
-0.658583
-0.645247
2.299
-0.240306
1.31499
1.98008
-0.0344322
-5.8585
-1.30362
0.096999
0.158695
0.784546
-0.0761161
0.451691
-0.856118
0.41901
-0.433982
1.17703
-1.48651
-3.414
1.94067
-1.8554
4.95303
4.11015
-0.0981063
0.953524
3.09402
0.981797
0.611639
0.811304
-0.409699
0.00116246
0.0359929
-0.937986
0.0732586
-14.5059
-0.581881
-1.23201
2.22397
4.80032
-0.743675
-0.95241
-7.06927
0.0356936
0.160667
-0.579216
-62.2865
0.667163
1.56215
-0.227904
-0.0212375
0.895089
-0.744466
5.83871
-0.550325
-1.45145
-4.50204
0.0537704
0.168015
-2.54376
-0.812683
-1.3952
2.56009
-3.65988
0.841662
-3.21336
0.999087
-0.55192
1.80345
-0.384092
1.79586
-0.504055
-1.76587
17.4279
-4.42555
7.25017
-6.08616
-3.98872
-0.5605
2.23667
-1.12894
-25.763
-0.574596
-0.667054
-1.10208
-0.352695
1.94141
-0.699806
2.35477
1.51892
0.0675548
-1.63593
1.64878
-10.0976
-0.392576
0.891934
0.864227
-0.349277
0.369236
-2.00643
1.85344
17.1687
-0.629115
-0.841202
-0.58206
2.90506
-1.14543
-1.79015
4.01169
-8.32722
-15.1122
-0.706426
-0.548704
0.934565
0.322206
-0.201122
3.39381
-1.78527
3.47143
-1.75402
0.772512
-0.152043
-30.9355
-1.24906
0.735675
0.661269
-9.59696
-0.918113
-0.415013
25.7626
8.62391
-0.608532
2.54678
1.01843
-0.207263
-0.0180184
-0.427281
-2.56984
1.42139
-2.18818
-0.809916
-4.24157
1.88033
-0.598
1.29876
0.0911345
0.101915
1.51386
-0.504701
-7.12423
-0.0556774
1.67094
-0.722227
0.602464
2.44504
41.8975
0.405711
0.309453
0.829092
0.642734
-1.10478
-2.2401
0.299958
2.82071
-1.02123
0.981043
0.310456
21.7683
-0.0462937
-0.817163
-1.81054
0.974932
1.81915
1.15689
4.41259
5.68122
0.315801
-0.613109
1.31156
17.0372
-0.389674
-2.4422
8.91714
3.78243
0.0908449
0.0514122
1.39309
-241.122
-1.90255
1.35219
-4.72427
-0.739526
0.384425
-1.08659
6.62167
0.573985
40.8023
0.885425
-6.20377
0.33414
-1.15643
4.78908
-0.198103
0.261633
-0.75617
5.66681
-1.21398
2.01512
-0.0416902
-0.00846289
0.279282
-1.65889
-0.445623
0.615073
-3.62525
1.34904
-0.526491
0.0775222
-0.795967
-1.73084
1.03006
0.0970756
-1.98996
2.59379
28.3395
-1.62616
-0.17541
0.315924
-1.44795
1.46366
2.08385
-47.3773
-0.512826
1.3075
0.280844
0.833729
1.09219
0.224379
-1.72251
34.646
-2.36456
-0.585972
2.3065
-0.550548
0.909495
1.09738
0.878042
0.0749286
-0.654093
1.22228
-0.129564
4.64755
-0.605297
1.35499
3.21185
1.9639
1.08633
-1.31205
-0.793805
0.880053
-0.110522
-0.956291
-0.683654
2.54281
1.25893
1.61394
0.810763
-0.349464
-1.24496
-1.18364
0.373248
0.294035
-1.08547
0.331024
0.388497
-0.63758
-0.979584
0.184504
0.759281
0.241479
1.27002
-0.764918
0.798641
0.983091
-0.864996
2.58058
-1.0946
-0.160756
-0.0755943
-0.121783
5.1788
1.55852
0.992424
0.192913
1.42193
-0.265434
1.13236
-1.70356
1.06727
0.10823
2.94216
5.45769
2.16564
1.15756
0.240239
-1.10767
-1.68894
-1.9767
-5.47013
-0.523178
-0.0788331
-0.520985
0.740782
0.696831
-1.77092
6.19472
-5.02113
1.74231
1.45006
44.7987
-0.531117
-18.491
-2.69521
0.313115
-0.54994
0.596135
-1.73479
-3.91403
-4.13302
3.01031
-0.10936
-0.991318
1.20408
0.22206
6.58641
0.516366
1.55199
-6.46507
0.473847
0.103358
-0.18074
-0.829671
1.38391
-0.24116
-9.44177
-0.694412
3.3831
-6.53528
-0.707815
3.4307
0.129161
-2.9962
-1.297
0.218228
-0.556895
0.67381
-1.51579
-0.0981477
-0.329983
0.449095
-0.305272
0.324802
0.739356
-1.61778
-16.0509
0.154566
-2.4643
10.4996
-0.652979
0.316183
-0.315282
-0.148278
-0.282288
1.46289
-0.434989
0.432925
2.04423
0.0606815
-2.18332
-0.292266
-0.60874
13.6199
1.37658
15.2362
2.06375
0.606567
-2.81048
-1.65466
-0.204518
-0.195569
2.94272
-0.125688
3.1199
1.50582
-3.22348
0.840111
-0.293475
-1.52691
-0.0736159
-0.96066
0.909267
-4.04046
0.471278
4.70862
16.6902
1.90109
-0.55696
1.8262
-6.10143
0.024209
-8.9126
-0.588472
-0.900576
2.4846
-0.83006
0.711307
0.866709
0.298159
0.310038
1.3072
-0.983307
0.174652
-3.28405
-2.34784
1.28232
-0.780477
10.6579
-1.07065
1.90418
-0.462982
1.75884
0.0217186
0.253031
-0.561917
11.4453
5.97793
-1.06306
0.414834
1.77737
0.261192
0.522966
-0.755464
0.0851533
0.0699053
0.590868
1.0554
0.263647
0.062886
-50.4244
0.761599
4.50199
1.49466
2.48451
-0.393738
0.218114
-0.962773
-1.80229
-3.43328
0.409829
-4.91884
1.48513
0.870024
1.31
-0.370877
0.312752
9.72047
-2.01016
-0.0713447
-1.58166
-0.801796
-0.285502
-0.354414
1.44467
-2.14641
1.60733
18.9644
0.289675
-0.511208
-0.0189148
-1.03742
-3.28581
0.102282
-5.33209
0.0980775
7.71678
-0.422992
0.237926
0.455616
2.67944
0.0899028
3.73194
-0.0846914
1.9801
-0.57969
7.9179
7.85696
-4.48271
-0.0747585
1.42292
0.83808
-0.915207
-1.9095
-0.273424
8.77443
-0.392993
-0.884212
1.37508
-0.843263
-1.35089
-1.22556
7.03096
0.190142
-0.11745
-0.691447
-1.73758
-0.212125
-2.32353
-0.316051
-8.63819
0.456312
0.529614
4.88829
-1.55467
0.101345
-4.6057
0.900884
-0.282717
4.96683
23.7497
0.162697
-0.659163
-0.155909
1.15656
0.999352
-0.538724
-5.51521
-1.39475
5.83479
-1.41479
-1.33596
4.36109
11.8718
0.848701
-0.190574
2.91163
-1.60997
0.592133
81.4078
1.99603
-0.0448397
17.4942
2.41111
-1.85083
-0.873285
-0.136898
1.85561
0.396929
0.180639
-0.619126
-0.150883
-3.27606
-0.297779
0.614565
0.0242635
2.87245
-0.022268
-2.7112
-1.54583
3.38356
2.13236
0.416308
2.45012
-5.67548
-0.197021
0.936268
0.163284
-2.98803
7.34971
1.26566
-2.116
0.0540951
0.838263
-0.268715
-1.70943
-0.34421
0.213095
-9.59541
-1.48023
-1.14709
0.0791733
1.38914
-0.466991
1.79236
-1.1891
-0.0164077
-0.113604
0.23149
-2.45337
-0.769503
-4.83764
-0.0325038
2.40402
-0.266609
-1.52722
2.53126
1.18786
-1.6193
0.673837
0.909132
-0.0416666
0.57822
-0.572574
1.35601
-0.165716
0.513791
1.0232
-2.54911
-1.34083
-0.592274
-3.72391
0.675948
5.31078
3.68722
-5.38295
-1.57041
0.523265
-9.91703
-0.262768
-2.34215
1.75383
-0.903912
2.37318
-0.392609
-3.36981
-0.890601
0.585686
-0.518996
0.28882
-1.41785
-1.11998
1.06511
0.211855
-3.14664
-0.543151
-0.91202
0.317191
-4.53128
1.22157
-0.276141
-9.97653
-3.69483
-1.30176
-0.325785
0.445601
4.02802
1.65255
-0.701536
-0.172484
-0.659331
5.78823
0.390844
-2.53644
-0.467263
-1.13988
-0.989875
-0.902761
0.852002
1.25764
-1.34301
7.77687
-0.347124
0.427495
-1.07621
-0.0599354
1.23782
0.39548
-0.948636
-0.829012
-0.544922
-3.57054
-0.319551
-0.646641
2.19449
1.05892
2.66895
-0.441712
0.650709
0.734503
-1.35352
-2.45736
-0.618923
-1.42081
9.00583
-0.641088
3.0251
25.8514
-0.320712
0.147395
-0.0785157
0.246032
0.528128
-0.0945814
5.45951
2.99714
-0.0854011
-2.79232
-1.48821
-0.43984
-16.7967
0.183648
-3.67695
-1.14202
-3.77788
0.103945
3.07674
0.646392
-0.545118
0.780064
-0.822234
2.19978
-2.16346
1.10577
-0.993221
-2.1896
1.78588
2.76847
-1.31146
1.27849
1.30943
0.180394
-0.0914578
0.865049
0.105488
-1.6016
-0.233942
-1.85285
0.142645
0.400507
6.76828
-1.19953
-4.26728
-0.161915
9.96202
1.4451
-0.666938
16.1095
-1.07119
1.54718
-1.6629
-0.457515
1.65321
0.1768
-91.9376
2.41187
1.6379
6.64347
-0.739567
-0.387992
0.240837
-0.376397
0.811978
1.49642
2.18585
-9.66216
12.6071
0.145756
-0.401407
-1.58721
-1.11639
1.04578
2.62586
0.30324
2.54806
-2.34422
-0.921623
-6.23008
3.47631
-1.00766
-1.23381
4.41951
0.169134
6.10936
-0.0970806
0.0502843
0.168007
-0.635863
0.77211
0.270033
-1.43118
-2.43923
-2.02703
0.964194
-3.24368
-0.0852004
1.07553
-0.933752
0.316822
-0.540046
0.00812224
7.6139
-0.681832
0.711763
0.0238394
0.59913
0.923295
-0.519368
1.7836
0.628272
2.97621
0.0362801
-0.992926
0.498525
23.383
-0.921479
0.29795
5.73872
0.0571599
-0.412645
9.26557
-0.257754
-0.6147
0.390847
1.08494
3.82591
-0.303634
-0.225017
1.48352
-0.296956
-1.41731
-0.0189118
0.330899
-0.645689
-1.12782
0.0405856
-1.38834
-5.867
4.79234
-5.06534
0.317757
-8.52052
2.23561
0.534014
7.18794
-0.738522
2.34164
35.7313
-1.2718
27.4048
0.356643
1.86599
0.314348
-2.18791
-0.522469
0.530951
1.0538
0.710506
-0.978628
0.880347
0.302749
-0.472045
4.82216
3.29224
-1.42884
0.077035
-1.39276
-1.29486
2.49907
-8.19011
-1.57026
-0.876567
-0.410948
0.0261711
-0.0154339
-0.988735
0.241429
0.452749
-3.72249
2.43501
0.219238
0.971012
-0.336842
-0.946213
-1.94509
0.666147
-0.148129
-2.35868
0.661083
-14.9176
0.195927
-0.560842
1.88323
5.75622
-5.17417
-1.06072
1.6765
5.21939
0.356078
-0.519656
-0.808534
0.204098
-0.850683
-4.70806
-0.949027
-1.45402
-1.57942
-0.499462
0.925685
-0.0764654
0.180819
-0.49142
3.51148
1.38845
-3.98358
-1.53526
-0.320268
-0.200908
1.38885
0.20405
-363.979
-1.52247
-0.302951
-1.14848
-0.0174988
-0.344219
-2.75402
0.530716
-3.35254
0.654909
2.72996
-0.956973
1.38509
1.30148
-6.69439
2.95817
-0.451113
2.14581
1.43977
-2.19536
0.0955895
-1.18804
2.49532
0.52044
-0.0546253
-0.809633
-2.38038
0.279445
-3.30705
-0.161768
0.736766
-0.432777
0.65207
1.34853
-0.0706743
1.59819
0.0852109
-1.4745
0.459579
0.0145238
-0.654367
-0.577814
0.746964
1.73092
2.53001
-0.547729
0.132086
-9.51088
-4.41027
-1.43758
0.543773
-0.401084
2.90916
-0.741518
2.74033
-0.54663
0.689343
-0.194491
1.57607
-0.691136
1.10137
3.75669
0.210119
1.20766
1.48421
0.0759706
-1.63733
1.00872
0.552325
-0.643425
-0.206771
-313.659
11.6816
0.427938
0.20722
3.9027
-30.1168
-1.67004
-0.0773827
-0.933174
0.603949
-0.873706
-0.160352
1.10516
-0.544995
-0.12201
-0.786063
-0.50699
-0.0243166
0.927316
0.538403
0.354129
0.45414
0.989892
0.349023
0.0649385
-4.50183
0.346502
-0.571089
8.81587
1.92901
3.96947
-0.820831
1.78332
1.18376
-1.19518
1.37256
-0.830183
-0.877533
-2.58144
5.36835
1.10289
0.00957177
-0.470463
-0.0129298
-7.92453
21.8554
-6.86038
-0.967565
-0.146231
5.68156
-0.00127729
0.524192
1.48161
0.202459
-0.763579
-0.704527
-1.51009
-1.23722
-2.07851
0.308839
-1.77113
0.312247
-0.527128
-1.59929
1.13495
-0.0979068
-0.212246
3.9242
-2.03191
-0.164053
-5.06225
-0.410069
-1.05476
-0.0428219
7.18496
-16.4022
17.4289
3.20134
-4.41718
-4.43998
-1.3782
18.5815
-7.86757
0.0677344
-16.0732
-3.99079
-1.20097
0.410337
-0.623993
-0.0447095
-1.88641
-0.372816
0.273441
-2.76381
0.279158
-2.88444
-1.76843
-0.698668
-7.73552
-0.430192
-0.445267
0.87847
1.12202
1.2306
-1.31289
-2.05027
-2.75572
0.26192
-1.13502
1.45979
-0.900562
0.9808
-0.65129
-0.424859
-0.521261
0.891739
4.48806
-0.0672512
0.174147
41.091
-1.18115
5.19687
-0.252937
0.186507
-2.8925
-0.986958
-2.17737
-0.79111
-0.0121477
-1.06583
-3.56241
0.514717
-2.28438
7.84546
-0.489047
-1.26803
0.0991544
-7.21309
-11.6194
0.519882
4.84618
-6.63766
65.3717
0.592951
0.221059
2.15517
-0.861147
-0.126951
0.84932
-67.9169
1.80987
-9.07496
-0.192358
1.08604
-3.748
0.481826
0.702553
-0.624787
-1.13953
6.152
1.61979
1.33548
0.792342
1.74393
-0.818677
-0.0828347
-0.248717
0.0121872
-1.67543
0.680761
4.44853
-0.668023
-0.991365
3.73912
-4.67328
-1.01937
-3.64937
0.10994
-0.938828
-0.279921
-6.28106
-4.04601
-0.100024
-4.5821
47.8051
0.0246326
-10.8451
0.953265
-1.42919
0.563914
-0.0680892
0.340328
-1.2851
0.474679
-20.6071
-0.138226
-1.27588
-0.0103382
1.61106
-0.83002
-2.51771
2.26547
-1.32015
-3.65974
0.55488
-0.722812
-0.129738
0.184592
-2.25392
-0.498497
0.240093
0.134364
-3.39967
0.355852
-1.86394
-0.505553
-0.675287
-0.841608
-6.33292
-5.40215
-0.190785
-3.80558
4.03613
1.75861
-2.68899
2.06369
4.10542
1.34231
-0.501251
-2.6398
-3.595
-1.36569
0.218491
-0.246278
1.6627
3.20242
-2.13551
0.427805
4.32602
-13.4178
-0.440893
2.90797
-3.74381
0.45381
0.802757
-0.374193
0.196583
-3.37015
2.13608
2.12452
1.09553
-6.61297
0.809661
-3.4562
-0.115931
0.268188
0.900212
2.89687
-2.86934
0.110844
-1.05592
1.56279
-0.0427033
-0.0549555
-0.870065
-0.0109893
-8.99018
-1.26728
-1.95608
-1.92705
0.0774532
-4.29908
0.112423
-0.765888
0.107714
1.31786
0.80993
0.062758
-6.09073
-1.23145
0.0129972
1.43798
-0.613653
-1.24725
0.155785
10.0808
0.733258
6.32915
-0.615506
-1.07543
2.94672
1.37111
-1.55946
0.365118
1.0784
0.546614
-2.20478
-1.41542
-0.696579
-1.3947
-0.0527015
0.140605
-45.4402
1.60082
0.46329
-0.471298
-0.407668
1.28502
-2.15416
10.1372
0.411718
2.91239
0.185604
-0.148235
2.76614
0.111244
1.69071
0.518866
-1.63319
0.0155938
-0.112021
1.04464
-1.08216
0.277673
-0.0592683
0.697814
-0.0535408
0.386709
-92.0717
0.814968
0.292082
-1.91343
3.96102
1.54048
-1.98304
1.08886
0.188019
3.982
-3.25242
-0.668504
0.649198
-2.32115
11.4467
1.53561
0.218297
2.75388
2.38715
0.0330359
-0.816793
-0.220191
42.8864
-3.0667
-0.789414
0.998961
0.57135
0.23056
-0.807552
0.807288
-4.76588
2.52238
0.565909
3.58113
1.5787
14.1339
0.991988
0.186719
6.14484
-0.137619
-1.92961
-0.588195
-4.59432
-3.42703
-1.28202
0.0036273
0.719649
-1.08484
1.29572
2.32823
10.7557
2.12316
-0.951227
-0.08116
2.26009
-1.42456
0.611962
0.693648
-0.739117
-0.704996
17.661
0.324412
-0.198567
-1.97052
-5.01303
-0.728183
0.70486
1.43152
-3.34325
-0.0092626
0.930117
-1.12215
1.2741
-1.51108
7.0827
3.04618
-0.63888
-0.266654
0.631427
1.16282
-0.365373
0.636914
5.97176
1.83745
2.424
-1.62381
0.151337
0.653231
-0.286781
0.622556
2.07266
1.17628
-1.22387
4.56652
-0.516867
-2.73783
0.8717
0.049456
0.939567
1.16002
-3.06191
-0.416785
-1.49274
3.09282
-0.452349
-1.03732
0.329592
-0.151412
-25.0645
1.93508
0.240525
8.07964
-0.564292
4.48295
-1.25341
-1.31612
-0.0379934
-0.644988
0.500377
-1.06363
-0.741945
0.133053
0.802644
-0.396312
-0.094683
4.1829
-0.587487
-0.0233959
-0.29785
-1.17409
0.446544
3.51369
7.06862
-1.97703
-1.29883
-0.0872512
1.18106
0.0812515
-0.10119
-1.63225
-0.133234
-0.845181
-0.0267172
0.197873
-8.32883
-0.67441
-1.71127
1.28906
-0.026579
-5.66665
2.4068
-1.85781
-1.17328
0.75448
7.87411
-0.98193
-1.18137
7.5182
-0.669687
-0.401825
3.64174
-0.12547
1.52588
-1.60508
0.849996
0.0493293
1.05317
2.53997
1.88858
0.389744
0.281569
2.12931
1.59506
0.468673
1.26253
0.487126
0.519147
-0.780572
-0.691989
0.864764
-0.100138
0.845655
0.537138
0.758479
-1.24077
0.677881
-0.0501314
62.2693
0.887267
0.596258
2.28208
1.27798
-1.51653
-0.255278
-0.46462
0.376996
-6.96364
0.966879
0.122241
0.806214
0.787449
-1.65599
-7.90137
-1.31086
-1.38497
-0.538308
-10.8511
-0.310551
-2.24989
0.96032
-2.50751
-0.680854
0.567741
-0.129715
-1.71141
313.415
-0.264391
-0.555102
-3.00727
1.17586
-0.492506
0.497286
-2.24902
0.0316471
0.157872
0.745468
-2.17088
0.512462
0.505894
1.86074
0.318708
9.70211
0.690917
0.317253
7.04876
-1.03566
0.409755
-0.525305
-2.99989
1.04146
13.982
0.171379
1.0155
-0.0868244
1.42833
0.507237
1.01401
-0.491916
-5.11816
0.920605
0.662501
1.60871
-0.0131322
0.515611
-0.508721
-1.50077
-1.29501
51.0298
-1.19981
0.0697934
0.805056
-8.91896
1.66402
1.14002
0.275872
5.82701
-9.13607
0.440771
-1.72423
-0.64875
-0.130621
0.626791
0.66063
-2.3102
-0.202065
3.45941
-1.01615
-1.39614
0.958893
-1.57293
-0.389291
1.55094
-0.603205
-0.758573
-2.67719
-0.155714
-4.01643
0.593548
4.39797
-1.51474
0.333182
1.77272
-4.49616
0.20914
-0.478936
-1.73138
-0.147886
233.857
0.330393
1.99427
-2.47614
2.05683
0.0673453
-0.674048
4.81907
2.7099
0.763766
1.71778
-0.119449
0.357082
0.672187
-0.484408
-0.00808013
0.594419
0.0611101
0.0833827
1.62572
-1.42181
-8.13259
0.409862
5.0755
8.30123
-1.91325
-0.909644
-1.30253
1.54375
2.0098
2.19636
2.00993
0.140675
-1.68659
-0.846852
-0.869843
1.31294
-1.09366
1.60154
-0.133775
0.590817
-0.382158
-0.53346
2.14288
2.98232
9.07596
-2.32243
-0.990901
0.134405
-0.439219
0.638983
0.289858
-0.415015
0.405056
-0.369157
-7.17375
1.46533
2.3915
-0.436206
-1.70869
1.03606
0.752539
-25.2036
0.113765
2.01069
0.132692
-2.50225
-1.01479
0.161348
1.11687
-14.685
0.462154
-2.64677
-0.619731
-0.1024
6.7254
-0.676507
1.37095
0.0422834
-22.7361
0.106459
1.59301
1.03011
36.252
-0.524855
-10.5036
-3.05505
7.002
-0.0464143
-0.289549
0.186736
-1.15627
0.686905
-2.40001
19.6741
0.339056
-0.530876
-0.250978
-0.817684
9.88307
0.270224
-0.506624
0.929213
1.5033
9.56364
7.02415
1.28929
1.8087
2.58217
0.641514
-1.38123
-0.174668
35.2839
4.12175
23.8065
-3.47109
-0.231652
-4.22321
-3.81167
1.5095
4.19186
1.90695
-1.52293
-0.195895
-0.463833
-2.23552
-1.84389
-2.35176
-0.143685
0.192547
-5.96906
-1.7136
2.57878
-0.809657
6.93084
-0.771217
-0.579224
0.259964
0.985012
-7.31208
1.33179
-1.57392
11.4104
-1.22401
0.304457
-3.19957
0.478177
2.29748
0.209552
0.399648
-0.110994
5.73824
0.32562
1.12623
1.08947
-36.1972
-0.580684
-0.166724
0.834344
-1.15335
0.695803
-0.256673
0.870802
-23.5474
0.154747
-4.35102
0.708511
-4.26476
2.68866
-0.143965
0.129974
0.623605
0.222899
-1.88878
0.450584
0.753816
-2.1446
-0.206852
-1.57381
-0.865069
0.23278
0.666618
-3.20035
1.47408
-0.661588
0.349167
-0.577304
0.0138488
0.842697
-0.892589
-0.101682
0.362558
3.16554
-0.468229
-3.62604
1.36217
-0.167823
0.849115
0.65195
-0.752165
-20.374
0.432471
0.657084
5.7695
-4.1696
-0.439857
-0.18614
0.412208
-20.9436
-8.13165
1.42837
1.53007
4.68034
-1.58583
0.669492
-1.62876
-0.154904
-1.04394
5.77047
2.99064
-1.0141
9.72122
0.367545
0.245782
0.74692
-0.496277
1.03294
0.893505
3.75961
-1.47129
0.929997
-0.435795
3.6264
0.279154
-1.48326
15.6133
-0.49492
-0.0206921
-8.38221
0.480627
-0.396046
-0.4818
-0.321545
1.29151
-1.57218
-0.80276
-1.15983
-0.0352308
0.577398
3.07006
-0.792398
-0.170409
0.262851
0.59375
0.355263
-0.0739075
-1.99784
-1.24707
-0.102981
1.47129
0.205523
6.57283
5.92215
1.95024
0.407386
0.419104
-0.42725
-19.367
-0.861126
0.0779934
3.40548
5.95155
-12.2109
0.192928
1.87352
-5.63383
1.90505
0.0375624
0.490073
-0.0899894
-13.9709
-0.738893
-0.204499
-0.276386
-7.29214
0.930693
14.572
0.458604
0.161307
-0.443351
-1.50186
1.14113
-2.60706
1.08032
0.271245
68.2975
-27.1673
-7.24913
-0.685454
3.26179
75.5578
0.264682
-0.56593
1.14956
5.81615
5.09897
0.755743
-0.277327
13.8983
-0.409588
0.985951
3.69267
0.222428
-3.53405
1.00777
0.398615
0.320962
-1.97915
-2.07348
0.964253
0.114899
-2.59442
-2.34148
-2.11239
-0.502095
0.0951835
1.33998
-5.53187
0.767762
-4.44588
3.56821
7.08628
-0.917675
-2.5824
2.10665
2.76303
0.293084
-0.656597
-0.572047
0.218832
-1.18029
0.916637
-0.341942
0.715267
-0.421567
0.187964
2.86637
1.712
-1.49822
1.16841
-0.883035
0.678212
-0.917641
-0.111896
0.526076
-0.466477
-3.14255
-0.483767
-9.30758
-0.919069
12.5509
0.301802
0.495192
-2.59405
0.0429138
0.0518852
-1.00745
-5.40684
1.64009
-0.0184411
-0.643958
0.611516
-0.00420181
1.19021
5.86753
134.485
22.115
0.381482
14.0943
19.5441
-0.449378
0.197517
-2.53513
2.41842
2.05809
-0.224033
-5.67845
-66.0735
-0.722778
0.813477
-0.968366
0.0847895
0.078011
0.488523
2.23189
0.00108222
1.42148
-3.03167
25.157
-0.202076
0.252866
0.843196
-0.581679
-0.0931044
-1.32413
0.495298
7.71551
0.907164
-0.451331
-10.0177
2.17556
-1.03139
-0.863956
0.347722
3.32283
16.024
-13.6092
3.31125
-1.23143
-4.04706
-1.78172
1.33667
2.38012
2.05114
-0.771401
0.579192
1.39981
-1.14888
0.221951
0.0985416
-0.9763
6.87129
-1.50465
-1.55188
-0.421667
91.0746
-7.93031
0.879037
-1.99842
-1.29894
-1.09002
12.4351
0.226041
3.55143
3.81403
-2.37228
-1.74804
-1.47647
2.51893
-8.45204
-1.77132
-0.316873
-0.496285
8.18287
-0.0849565
-0.0692924
-2.24549
0.1631
-1.66684
0.417345
-1.5347
0.325479
-0.255998
0.489549
-0.207613
-0.00618881
-0.444006
3.11305
-0.48852
0.272003
0.322315
7.49517
3.07241
1.44526
1.79131
-2.04988
1.23776
-0.554381
0.402271
2.58079
7.28658
-2.69349
-0.0341479
-3.17683
-0.785868
-0.32223
-0.840061
0.626675
-0.0101559
-0.164827
-0.25995
0.989673
-0.474836
-0.208718
-5.81559
5.47913
-0.758658
-0.836212
-1.69872
-0.588211
-2.87014
0.0546584
-1.02226
1.58546
-0.0472045
-1.806
1.39438
0.0900507
1.01459
-1.16839
-4.01405
1.22236
-0.286147
67.8759
0.591095
-2.32908
-0.0678594
2.8706
-0.404478
-0.540679
-30.2129
-0.504503
0.305285
-1.06428
-0.500907
-3.50367
-0.224668
4.77601
-0.515896
0.599599
5.41787
-0.299063
-0.47546
1.46107
0.323581
-1.23438
0.503833
-0.826124
1.57133
-0.0393328
-0.491786
-1.31471
-0.728291
0.208436
-0.221302
-5.02
-0.94227
8.35424
6.73766
0.920883
0.806108
-1.24783
-8.94073
-0.131722
2.19718
0.105571
389.937
0.120302
0.143155
0.249769
4.34189
6.51797
3.65119
-0.768957
-0.444914
0.289904
0.911956
0.43482
0.821308
0.486345
-0.26407
0.0588778
-0.572115
0.776285
3.68997
5.00337
1.69389
0.63533
9.48072
-0.793613
0.9854
1.60199
1.69843
2.28452
-1.88423
-0.725118
0.519816
-0.387915
0.208241
-4.25558
0.512653
2.48944
4.11505
-2.52717
0.0995514
1.68074
-1.15139
-0.457191
0.139208
-0.666876
-0.801066
2.10922
-0.403949
-0.874037
0.119606
0.445038
-0.627959
-1.8225
1.9399
-1.44489
0.382346
1.76781
-0.107076
2.05366
-0.486032
-0.391697
0.373544
0.50019
-0.264361
0.885637
-0.261935
-3.45515
-0.820885
-12.1139
-0.680066
0.12529
12.8911
1.2839
-3.0499
-1.59594
-1.10351
-1.48621
-1.12365
1.64343
6.52672
-0.131339
-2.56394
0.787533
0.299142
-6.60742
-2.18523
-0.188071
48.9512
-0.770357
3.51336
0.877493
-0.819774
0.863138
0.71125
-1.4867
-5.34738
3.87256
0.0666303
-0.848043
1.36397
-0.0125768
-0.503446
0.277764
-3.89693
0.645798
3363.21
-0.168851
-3.21282
14.4366
-1.22375
-1.5732
-1.27448
0.343194
-4.73093
1.24002
-0.306164
-0.247311
5.56948
1.38472
0.222438
-0.904773
1.28371
-7.80562
9.84176
2.43955
-5.24684
16.4867
7.50533
-1.15795
0.963238
-1.33956
-0.184192
-2.87361
0.0510086
-0.614421
0.404417
-1.71672
-1.90131
-0.271795
0.0639614
0.0876787
0.342862
-59.0524
0.106099
0.44644
-5.58504
6.01971
9.48428
-11.281
-0.0129503
0.990197
-2.72788
-0.379595
-0.0738233
1.06915
3.98644
0.358131
-203.572
0.623031
0.521118
0.968871
235.134
-0.665236
2.64144
-7.56497
-4.16439
-1.29482
193.467
-6.88132
5.30634
-0.821493
-0.837209
-0.495702
1.62144
1.58074
-1.28442
-0.814678
0.382032
0.416879
6.11322
3.26316
0.237982
5.69335
-1.63232
-0.189296
2.23887
-6.31755
-0.599085
-8.37511
0.638096
0.0798719
-2.03839
0.307093
-1.45927
-0.749144
-0.725637
1.71845
-0.320897
1.44992
-0.819985
1.77552
-0.37028
7.16505
-5.60643
-0.351394
-1.43902
1.82353
-1.35954
-0.458641
0.376575
0.0716184
-0.21105
-1.12375
-0.806591
1.91526
-0.0732201
0.483254
-0.83076
-1.18419
-0.550394
1.78885
-0.821284
-2.16072
1.79209
-0.0818722
91.8193
2.49277
4.78194
-0.737261
8.7196
0.14999
0.564463
5.66127
-1.03997
-0.0569922
-0.994253
9.97841
-1.58357
0.0309781
-23.3423
2.00256
-4.38101
-0.0558088
2.27474
0.385665
-15.5501
1.84355
-1.88242
6.45066
-0.167626
2.16563
-2.40736
-1.4175
-2.54177
-7.8487
-2.79954
0.133277
-0.152083
-40.5668
-1.49607
-0.153813
-19.6762
-0.0454348
-0.826955
-0.300202
0.421633
-3.31755
-15.7875
9.2411
-2.97856
-0.674075
0.78752
1.58263
-0.795945
-1.04777
-16.4817
2.22912
0.440344
3.17935
3.4596
-0.0364926
0.206833
-4.00209
0.611236
-0.11654
0.72343
28.2863
0.0508409
0.479119
-0.424991
-0.23912
-1.35242
-0.456229
16.9431
-2.95991
-0.270478
-1.10525
-1.1165
4.25759
0.299199
-1.23163
-0.764518
1.88565
-4.38982
-1.43035
-0.78896
-3.40132
5.73825
-1.43854
1.17936
1.14157
-12.4199
-6.20112
-0.272697
3.87602
-0.460485
0.0755088
0.786134
-4.97032
0.446073
2.07487
0.268336
0.503185
8.35418
27.5987
0.093967
-2.42649
-3.21676
-0.605145
-2.55462
-0.393344
1.75376
-3.11487
0.624267
-1.53755
1.96006
-0.480976
0.338928
-0.268991
10.2629
3.43073
-0.0894985
0.539235
-0.852036
0.703564
0.196585
4.75769
-0.880417
2.34017
15.7504
0.105298
0.0755813
-0.316309
15.6419
-0.522133
2.83295
6.16194
-0.485481
-0.501455
-5.50049
25.8133
-5.13628
-2.43853
-4.0034
-0.550441
1.76888
0.00226996
-1.32849
0.279285
-0.493128
-1.82127
0.565493
0.191507
1.90494
-0.0876004
0.79617
-0.273841
0.371901
2.34996
-0.919362
-0.33748
-0.52315
-0.00550033
1.84086
2.06009
-0.335704
-2.58134
12.5344
-0.801947
0.500781
0.115926
-2.93054
-22.4698
-0.074547
0.999613
-1.39741
-7.96476
-0.0676437
10.9432
-1.07599
-0.617764
0.535217
-1.75855
1.84571
0.0905101
-3.93449
0.238301
-0.520595
3.18098
0.185315
0.136899
1.69124
2.694
0.041886
-0.732461
0.2172
0.838811
-0.681846
0.545297
-0.438349
-1.79216
-0.99219
-0.927069
1.94775
-0.40148
3.71264
-3.75234
7.54277
3.05711
-0.389705
5.74522
0.590319
-0.813472
-0.46828
-0.245059
0.175231
-3.0354
0.126963
-6.75249
0.664608
-0.326557
-1.6969
1.58953
0.611758
-1.0764
1.56218
0.747892
-0.388764
-0.583483
-0.524736
-0.54244
0.1133
0.126669
0.102978
2.05447
1.66747
-0.0197983
-2.23856
-2.314
0.353497
0.553907
1.12101
-0.331507
0.516264
-0.349835
-3.11265
-1.16675
-3.03776
35.2253
-2.48808
-0.0225773
-1.49292
0.41553
-0.0661295
1.32367
-4.39551
-0.415248
9.12829
2.36794
0.55172
-3.87181
0.418858
-1.56379
2.50231
1.41016
4.7465
-0.614567
-30.7373
-4.7849
0.812582
0.64471
0.934948
1.06703
-2.33553
0.51131
0.779506
0.257204
0.540423
-1.37198
-8.32662
-0.619891
1.12135
-0.477054
0.222879
1.39817
-0.619044
-4.76829
11.5033
2.54688
0.681098
-3.74423
-2.668
658.272
3.72158
-1.33881
2.59637
-0.497909
-1.17841
-0.672941
0.643516
0.0956705
-0.744048
0.210364
-0.328607
-1.48316
-0.0241671
-0.457867
1.62038
-0.391992
0.586783
-0.927122
-1.31814
-3.73175
-1.3714
1.17698
-17.1479
1.05838
8.00095
-1.32824
2.49938
-0.527731
-0.384824
-1.04906
-5.79204
0.572865
0.352072
-1.22065
1.11744
-1.87249
-0.171946
-4.03922
0.806588
-3.97163
-0.643298
0.124116
-0.117579
0.215418
-2.13478
1.44038
0.425052
-0.34207
0.405112
-0.159955
1.07046
-14.1409
1.75191
4.6496
-0.865971
-2.47763
1.0196
-0.532944
-0.112023
-0.274563
0.494833
-1.73953
-0.75599
-0.175848
0.0404035
13.8592
0.495005
-0.92604
0.184587
0.0167154
-1.1728
-0.91323
-0.352452
1.8152
-0.913187
-0.218992
1.08161
-0.318615
1.06667
0.228711
-1.38629
0.58247
-1.32455
-11.5259
2.99953
8.31623
0.300198
0.305522
4.32758
3.96808
7.98719
0.18397
1.40957
0.437241
0.633514
-4.33447
-0.0514043
0.958442
-1.44325
-0.854136
1.15535
-2.31849
0.306494
-1.35823
-1.30357
-0.399218
-0.0522111
0.852109
-4.45956
0.110897
-0.572779
-0.577136
3.98023
-0.607446
-0.178971
6.30918
0.910057
-0.477603
0.365978
-0.642664
-0.326036
0.254364
-0.745128
0.135639
-0.500864
-1.34509
-0.944187
0.223784
1.95101
-0.981122
1.53793
1.27191
0.284028
-1.5089
3.23858
-0.524355
-14.1204
0.281013
-0.77498
0.0230401
1.79544
0.503177
0.148549
0.11389
-2.30038
2.4083
1.65227
2.95333
-0.638223
3.65366
-4.49268
-0.613146
0.593524
-1.33084
921.852
0.407139
-0.468323
1.78862
-3.97199
-0.00509237
0.608956
-4.08603
-0.532995
1.20831
0.0484154
0.673757
0.862476
2.13887
0.797256
3.20431
0.997184
2.36146
-0.309623
0.324526
-0.264812
-0.920239
-0.853995
-1.0656
-1.20998
14.7678
6.07315
-1.50286
-0.217985
-4.43639
1.33245
-2.46048
2.02129
-0.207016
1.48979
-0.989974
0.377574
0.138102
1.77573
-0.40749
-1.28099
11.4331
0.0116334
0.0815876
-0.686246
0.227302
-0.277562
3.82769
-0.0567006
-4.19996
0.359261
-0.72476
0.559787
-0.1348
0.0879918
-1.83898
-4.55283
0.0888911
-2.09693
-0.0795731
-0.372054
-5.51951
-0.259571
-0.214432
-0.672396
0.350697
2.83548
-4.28303
1.82539
-0.180168
4.37363
-4.51752
-1.83768
-2.02699
-5.46656
0.271639
-2.09353
0.0135045
0.726919
-1.80143
0.263707
2.26713
-1.52572
0.403008
0.724434
-0.369556
0.824626
-0.290899
-0.0691747
1.11979
0.899793
-0.574438
-1.12966
0.124949
2.70587
-0.0021808
0.587786
-3.87888
-1.17552
1.06986
3.87068
-1.03118
11.5648
-0.407067
-0.187491
-0.254957
-6.15315
2.8824
3.42253
-22.8927
-0.438676
0.118271
1.33677
-5.44329
0.257615
0.258428
1.27018
6.47156
0.296085
5.87533
-0.75052
5.84867
-1.87594
0.350042
-2.26224
-0.63513
-0.253449
0.283444
81.4364
-2.19129
-6.60742
-0.733117
0.122189
3.21446
8.76623
1.25255
0.120696
-0.0190567
-1.07951
1.33017
1.56102
-0.0267066
1.1276
-0.272644
6.82385
-0.930708
-1.03011
1.30272
-0.73757
1.52523
-0.423021
4.02575
-1.3441
4.59009
4.13237
15.0285
-0.81735
0.416193
-0.443963
0.508929
1.62035
-2.10164
-0.541729
0.562882
2.3056
-1.2616
-1.14529
-0.334535
-0.402329
1.85232
-0.146562
-2.25955
-0.656602
0.565336
0.805204
-0.47315
0.572682
2.50088
-0.516613
-1.37803
-2.60326
-0.363652
0.600189
0.406166
1.6185
-0.877932
-0.668246
-5.73576
3.9345
-4.16625
0.0514655
-0.96534
0.299576
148.677
2.97174
-4.8614
-1.75201
-4.27354
0.338784
0.644154
-4.73973
