0.00632584
0.00669478
0.00680017
0.00702162
0.00703259
0.00672281
0.00678577
0.00650296
0.00645963
0.00636617
0.00646463
0.00656691
0.0064671
0.00659215
0.00667426
0.00665016
0.00669056
0.00665144
0.00665986
0.00653546
0.00662894
0.00662897
0.00660838
0.00657119
0.00657699
0.00656807
0.00653858
0.00658635
0.00653176
0.00658355
0.00667493
0.00671588
0.00671786
0.00671536
0.00680063
0.00680427
0.00679443
0.00682351
0.00685248
0.0068391
0.00686714
0.00684763
0.00681652
0.0068686
0.0069359
0.00694221
0.0069429
0.00692385
0.00694091
0.00695386
0.00695478
0.0069728
0.00693617
0.00694583
0.00694972
0.00694374
0.00695306
0.00693553
0.00690988
0.00692689
0.00693017
0.00693135
0.00691228
0.0068984
0.00689686
0.00693041
0.00693422
0.00693924
0.00695151
0.00692741
0.00693326
0.00694172
0.00693145
0.00693723
0.00692553
0.00693019
0.00694414
0.00693436
0.00694031
0.00694769
0.00694674
0.00698236
0.00697523
0.00697699
0.00696115
0.00697611
0.00698336
0.00696564
0.00694939
0.00694585
0.00693727
0.0069354
0.00694185
0.00694317
0.00693188
0.00693828
0.00694878
0.00693952
0.00692909
0.00692465
