0.0795351
0.0817905
0.0824375
0.0837456
0.0838208
0.081839
0.0822388
0.0803658
0.0801236
0.0795443
0.0801592
0.080788
0.0801574
0.0809071
0.08141
0.0812782
0.0815357
0.0813044
0.081369
0.08053
0.0810852
0.0811005
0.0809855
0.0807613
0.0808089
0.0807646
0.0805871
0.0808785
0.0805287
0.0808417
0.0813642
0.0816141
0.0816363
0.0816306
0.0821122
0.082144
0.0820928
0.0822714
0.0824486
0.0823744
0.0825453
0.0824315
0.0822408
0.0825406
0.0829172
0.0829626
0.0829744
0.0828633
0.0829699
0.0830528
0.0830649
0.0831759
0.0829449
0.0830081
0.0830373
0.0830068
0.0830674
0.0829636
0.0828055
0.0829096
0.0829344
0.0829465
0.0828315
0.0827499
0.0827454
0.0829379
0.0829652
0.0829995
0.0830754
0.0829251
0.0829641
0.083018
0.0829587
0.0829969
0.0829282
0.0829597
0.0830442
0.0829875
0.0830263
0.0830732
0.0830709
0.0832693
0.0832291
0.0832431
0.0831465
0.0832357
0.0832815
0.083172
0.0830723
0.083054
0.0830041
0.0829959
0.0830369
0.0830478
0.0829801
0.0830207
0.0830844
0.0830297
0.0829673
0.082943
