1.13376	
1.09789	
1.13285	
1.06744	
1.03186	
0.995334	
0.972413	
0.989183	
1.01933	
1.03251	
1.03538	
1.01243	
1.01188	
1.01448	
1.01257	
1.00854	
1.005	
0.990521	
0.990656	
0.999947	
0.992188	
0.999227	
0.989615	
0.980266	
0.982159	
0.987322	
0.98773	
0.98303	
0.98383	
0.986233	
0.989463	
0.989382	
1.00646	
1.00591	
1.0099	
1.01433	
1.01133	
1.00528	
0.999613	
0.996147	
0.995225	
0.99129	
0.989888	
0.985916	
0.980454	
0.979572	
0.979177	
0.982685	
0.986411	
0.987719	
0.987419	
0.982497	
0.988737	
0.988509	
0.990125	
0.990945	
0.989479	
0.991083	
0.994653	
0.999051	
1.00249	
1.00104	
1.00115	
1.00192	
0.998706	
0.994483	
0.99497	
0.991887	
0.990609	
0.992169	
0.99161	
0.990938	
0.989175	
1.00472	
1.00624	
1.00431	
1.00286	
1.00298	
1.0045	
1.00347	
1.00092	
1.00178	
1.00709	
1.00658	
1.00717	
1.00655	
1.00579	
1.00501	
1.0038	
1.0018	
1.00206	
0.99839	
0.998256	
0.996612	
0.994064	
0.99277	
0.989422	
0.987258	
0.986059	
0.98673	
0.985464	
0.987251	
0.987165	
0.987665	
0.985426	
0.985287	
0.984214	
0.988312	
0.985169	
0.984811	
0.984591	
0.985768	
0.985382	
0.983221	
0.982198	
0.982791	
0.983638	
0.984195	
0.983769	
0.985933	
0.985083	
0.987455	
0.989009	
0.987667	
0.987251	
0.984977	
0.984769	
0.985307	
0.984949	
0.986837	
0.986144	
0.985964	
0.987953	
0.98859	
0.99048	
0.989537	
0.987301	
0.985758	
0.987022	
0.986437	
0.990917	
0.991671	
0.990753	
0.989613	
0.991233	
0.990704	
0.988467	
0.992755	
0.992007	
0.991789	
0.993061	
0.992582	
0.992672	
0.995358	
0.995957	
0.998209	
0.99694	
0.996808	
0.996924	
0.997755	
0.998125	
0.999221	
1.00077	
0.999813	
0.999812	
0.999722	
0.999049	
0.998995	
0.999636	
0.998981	
0.999318	
1.00107	
0.999654	
0.998499	
0.998951	
0.999316	
0.998718	
0.997943	
0.996058	
0.997688	
0.99819	
0.997305	
0.996625	
0.996267	
0.996171	
0.99457	
0.99507	
0.99428	
0.993512	
0.993774	
0.992626	
0.992803	
0.993236	
0.993129	
0.992491	
0.992078	
0.993361	
0.993504	
0.995333	
0.994763	
0.995032	
0.993213	
0.991581	
0.991248	
0.993779	
1.00376	
1.00322	
1.00177	
1.00325	
1.00404	
1.00287	
1.0019	
1.00134	
0.999801	
0.999363	
0.999354	
0.999407	
0.998992	
0.99858	
0.998322	
0.997884	
0.997914	
0.997033	
0.995865	
0.995204	
0.99656	
0.996646	
0.998035	
0.997302	
0.998456	
0.998596	
0.997756	
0.997942	
0.99744	
0.99785	
0.998372	
1.00697	
1.00689	
1.00623	
1.00787	
1.01043	
1.01068	
1.0106	
1.01004	
1.0098	
1.00995	
1.00966	
1.00814	
1.00776	
1.00683	
1.00764	
1.00639	
1.00656	
1.00826	
1.00672	
1.0068	
1.00891	
1.00986	
1.00987	
1.00979	
1.00983	
1.00989	
1.00911	
1.00999	
1.00897	
1.00895	
1.01084	
1.01143	
1.01126	
1.0106	
1.01009	
1.00962	
1.009	
1.00902	
1.00846	
1.00869	
1.00871	
1.00898	
1.00828	
1.00777	
1.00711	
1.0073	
1.00696	
1.00777	
1.0074	
1.00752	
1.009	
1.00881	
1.00867	
1.0084	
1.00889	
1.00859	
1.00796	
1.00822	
1.00842	
1.00811	
1.00755	
1.00877	
1.0085	
1.00848	
1.00819	
1.0072	
1.00677	
1.00705	
1.00682	
1.00637	
1.00616	
1.00503	
1.00584	
1.00505	
1.00445	
1.0039	
1.00393	
1.00485	
1.00422	
1.00352	
1.00306	
1.00276	
1.00235	
1.00225	
1.00209	
1.00162	
1.0037	
1.00357	
1.00366	
1.00361	
1.00315	
1.00263	
1.00291	
1.0031	
1.00251	
1.00215	
1.00227	
1.00223	
1.0017	
1.00146	
1.00069	
1.00014	
0.999941	
0.999166	
0.999017	
0.999652	
0.999907	
0.999152	
0.998895	
0.998588	
0.997754	
0.9974	
0.997227	
0.996811	
0.996656	
0.996486	
0.99587	
0.995172	
0.995486	
0.995135	
1.00736	
1.00761	
1.00703	
1.00922	
1.00898	
1.00825	
1.00916	
1.0092	
1.00864	
1.00839	
1.00817	
1.00765	
1.00846	
1.00833	
1.00814	
1.00847	
1.00771	
1.00699	
1.00664	
1.00639	
1.00605	
1.00532	
1.00564	
1.0064	
1.00627	
1.00596	
1.00574	
1.00568	
1.00565	
1.0053	
1.00593	
1.00573	
1.00552	
1.0067	
1.00686	
1.00762	
1.00769	
1.00797	
1.00837	
1.00849	
1.00815	
1.00782	
1.00749	
1.00811	
1.00806	
1.00714	
1.00692	
1.00643	
1.00688	
1.0067	
1.00735	
1.00747	
1.00775	
1.00776	
1.00704	
1.00631	
1.00591	
1.00563	
1.00524	
1.00503	
1.00496	
1.00491	
1.00522	
1.00491	
1.00451	
1.0047	
1.00438	
1.00478	
1.00466	
1.00471	
1.00506	
1.0045	
1.00438	
1.00463	
1.00458	
1.00418	
1.00575	
1.00596	
1.00576	
1.0054	
1.00533	
1.00505	
1.00516	
1.00515	
1.00508	
1.00493	
1.00539	
1.00501	
1.00488	
1.00494	
1.00471	
1.0043	
1.00916	
1.00962	
1.01023	
1.01012	
1.01027	
1.01039	
1.01051	
1.01071	
1.01029	
1.01023	
1.01089	
1.01103	
1.01064	
1.01044	
1.01007	
1.01064	
1.01048	
1.01021	
1.01044	
1.01054	
1.011	
1.01133	
1.0115	
1.01202	
1.01197	
1.01152	
1.01134	
1.01129	
1.0114	
1.01143	
1.01178	
1.01118	
1.01168	
1.01122	
1.01131	
1.01115	
1.01121	
1.01028	
1.00983	
1.01016	
1.01051	
1.01028	
1.0105	
1.01062	
1.01042	
1.01013	
1.0102	
1.01008	
1.00969	
1.00924	
1.00896	
1.00891	
1.00931	
1.00951	
1.00984	
1.00968	
1.00986	
1.0152	
1.01539	
1.01487	
1.01493	
1.01539	
1.01535	
1.01486	
1.01523	
1.01493	
1.01499	
1.01492	
1.01463	
1.01463	
1.01461	
1.01497	
1.01499	
1.01465	
1.01469	
1.01537	
1.01502	
1.01447	
1.0143	
1.01383	
1.01363	
1.01357	
1.01348	
1.01409	
1.01437	
1.01443	
1.01416	
1.01404	
1.01397	
1.01372	
1.01373	
1.01326	
1.01351	
1.01339	
1.01335	
1.01319	
1.01345	
1.01311	
1.01298	
1.0133	
1.01312	
1.01295	
1.01291	
1.01283	
1.01252	
1.01233	
1.01316	
1.01332	
1.01309	
1.0131	
1.01267	
1.01267	
1.01259	
1.01257	
1.01242	
1.01215	
1.01195	
1.01207	
1.01241	
1.01215	
1.01189	
1.01163	
1.01153	
1.01126	
1.01099	
1.01088	
1.01041	
1.01039	
1.0102	
1.00991	
1.00959	
1.00955	
1.0099	
1.0095	
1.00919	
1.00897	
1.00884	
1.00874	
1.00838	
1.0084	
1.00797	
1.00785	
1.00755	
1.00729	
1.00715	
1.00662	
1.00701	
1.00761	
1.00726	
1.00718	
1.00697	
1.00661	
1.00622	
1.00614	
1.00568	
1.00529	
1.00554	
1.00558	
1.00552	
1.00565	
1.00566	
1.00564	
1.00554	
1.00556	
1.00545	
1.00528	
1.00504	
1.00484	
1.00478	
1.00487	
1.00484	
1.00551	
1.0067	
1.00632	
1.00658	
1.00636	
1.00654	
1.00665	
1.01028	
1.00994	
1.00996	
1.01012	
1.0108	
1.01047	
1.01043	
1.01011	
1.00976	
1.0094	
1.00948	
1.00987	
1.00997	
1.00983	
1.01012	
1.01089	
1.01042	
1.01	
1.01029	
1.01024	
1.01071	
1.01031	
1.01007	
1.00983	
1.00958	
1.00917	
1.00952	
1.00979	
1.00981	
1.00993	
1.00974	
1.00956	
1.00953	
1.00956	
1.00969	
1.00968	
1.0095	
1.00918	
1.00908	
1.00891	
1.00906	
1.00939	
1.00918	
1.00919	
1.00891	
1.00916	
1.00924	
1.00948	
1.00996	
1.00962	
1.00935	
1.00915	
1.00923	
1.00887	
1.00881	
1.00876	
1.00854	
1.0083	
1.00858	
1.00802	
1.00792	
1.00762	
1.00731	
1.00768	
1.00756	
1.00762	
1.00769	
1.00757	
1.00738	
1.00704	
1.00668	
1.00648	
1.00643	
1.00614	
1.00599	
1.00599	
1.00583	
1.00587	
1.00601	
1.00591	
1.00577	
1.00581	
1.00559	
1.0054	
1.0056	
1.00525	
1.00508	
1.00518	
1.00567	
1.00564	
1.00611	
1.00587	
1.00572	
1.00537	
1.00533	
1.00497	
1.00489	
1.00479	
1.00746	
1.00752	
1.00769	
1.00785	
1.00794	
1.00768	
1.00727	
1.00761	
1.00728	
1.00718	
1.00733	
1.00746	
1.00722	
1.00699	
1.00672	
1.00751	
1.00724	
1.00717	
1.00722	
1.00724	
1.00725	
1.00706	
1.00714	
1.00714	
1.00695	
1.00685	
1.00688	
1.0066	
1.00669	
1.00703	
1.00696	
1.00693	
1.00693	
1.00683	
1.00683	
1.00692	
1.00693	
1.0066	
1.00682	
1.00674	
1.00672	
1.00688	
1.00717	
1.00699	
1.00691	
1.00671	
1.00636	
1.00683	
1.00701	
1.00682	
1.00684	
1.0068	
1.00672	
1.00839	
1.00838	
1.00833	
1.00815	
1.00789	
1.00844	
1.00856	
1.00871	
1.00841	
1.00825	
1.0081	
1.00766	
1.00776	
1.00777	
1.00768	
1.00731	
1.00698	
1.00693	
1.00678	
1.00658	
1.00798	
1.00771	
1.00799	
1.00783	
1.00766	
1.00748	
1.0073	
1.00698	
1.00674	
1.00667	
1.00657	
1.00682	
1.00663	
1.00645	
1.00634	
1.00609	
1.00602	
1.00593	
1.00555	
1.0054	
1.00549	
1.00545	
1.00557	
1.00572	
1.00564	
1.00574	
1.00562	
1.00599	
1.00655	
1.00639	
1.00624	
1.00638	
1.00642	
1.00645	
1.00657	
1.00672	
1.00641	
1.00622	
1.00609	
1.00593	
1.00561	
1.00545	
1.00521	
1.00529	
1.00488	
1.00502	
1.00505	
1.00494	
1.00459	
1.00468	
1.00457	
1.00446	
1.0044	
1.00442	
1.00451	
1.00457	
1.00442	
1.00486	
1.00465	
1.00464	
1.00486	
1.00506	
1.00514	
1.0049	
1.0048	
1.00466	
1.0047	
1.00453	
1.00432	
1.00419	
1.00402	
1.00443	
1.00421	
1.00442	
1.00407	
1.00431	
1.00438	
1.00421	
1.00397	
1.00394	
1.00399	
1.00418	
1.00383	
1.00366	
1.00345	
1.00354	
1.00356	
1.00338	
1.00337	
1.00324	
1.00322	
1.00323	
1.00327	
1.00307	
1.00281	
1.00298	
1.00276	
1.00267	
1.00283	
1.00277	
1.00259	
1.00233	
1.00241	
1.00279	
1.00308	
1.00321	
1.00348	
1.00412	
1.00408	
1.00397	
1.00394	
1.00389	
1.00361	
1.0036	
1.00342	
1.00319	
1.00372	
1.00377	
1.00369	
1.00581	
1.00583	
1.00558	
1.00574	
1.00567	
1.00579	
1.00561	
1.00545	
1.0055	
1.00535	
1.00565	
1.00602	
1.00622	
1.00625	
1.00599	
1.00581	
1.0053	
1.00528	
1.00525	
1.00527	
1.00522	
1.00499	
1.0052	
1.0054	
1.00546	
1.00541	
1.00643	
1.00676	
1.00673	
1.00678	
1.0072	
1.00687	
1.0068	
1.00669	
1.00681	
1.0066	
1.00669	
1.00675	
1.00693	
1.00701	
1.00687	
1.00734	
1.0074	
1.00713	
1.00701	
1.00731	
1.00705	
1.00689	
1.00688	
1.00688	
1.00702	
1.0069	
1.00674	
1.00658	
1.00641	
1.00657	
1.00646	
1.0065	
1.00624	
1.00642	
1.00677	
1.00671	
1.00653	
1.00635	
1.00652	
1.00641	
1.0063	
1.00612	
1.00617	
1.00593	
1.00584	
1.00578	
1.00558	
1.00557	
1.00546	
1.00523	
1.00517	
1.00494	
1.00519	
1.00573	
1.00589	
1.00569	
1.00542	
1.00556	
